"Trial"	"RiskType"	"RewardType"	"ResponseType"	"Reward"	"Shock"	"SubjID"
1	1	2	0	0.53	0	1
2	2	1	0	0.13	0	1
3	2	3	0	0.91	1	1
4	3	1	0	0.15	1	1
5	1	2	1	0.61	0	1
6	3	1	0	0.31	1	1
7	3	3	0	0.79	1	1
8	1	1	1	0.1	0	1
9	3	2	0	0.58	1	1
10	3	2	0	0.36	1	1
11	1	3	1	0.82	0	1
12	3	1	0	0.22	1	1
13	3	3	0	0.87	0	1
14	1	2	1	0.45	0	1
15	2	3	0	0.7	0	1
16	1	1	0	0.27	0	1
17	2	2	0	0.4	0	1
18	1	1	1	0.18	0	1
19	1	3	0	0.74	0	1
20	3	2	0	0.52	1	1
21	1	1	0	0.34	0	1
22	3	3	0	0.7	1	1
23	2	2	0	0.65	0	1
24	2	2	0	0.49	1	1
25	2	2	1	0.57	0	1
26	2	1	0	0.22	1	1
27	1	2	1	0.4	1	1
28	2	1	0	0.27	1	1
29	1	3	1	0.88	0	1
30	3	1	0	0.09	1	1
31	3	2	0	0.44	1	1
32	3	3	0	0.95	1	1
33	2	3	0	0.75	1	1
34	2	1	1	0.06	1	1
35	2	3	0	0.83	0	1
36	1	3	0	0.66	0	1
37	3	3	0	0.84	1	1
38	1	3	1	0.93	0	1
39	3	1	0	0.2	1	1
40	3	2	0	0.41	1	1
41	1	2	0	0.59	0	1
42	1	3	1	0.85	0	1
43	3	3	0	0.92	1	1
44	2	3	0	0.8	0	1
45	1	2	1	0.37	0	1
46	1	3	0	0.8	1	1
47	2	2	0	0.62	0	1
48	2	1	0	0.11	1	1
49	3	2	0	0.5	1	1
50	3	2	0	0.63	1	1
51	2	3	0	0.89	0	1
52	1	3	1	0.71	0	1
53	2	1	0	0.19	1	1
54	2	2	0	0.46	0	1
55	3	1	0	0.07	0	1
57	2	3	0	0.67	1	1
58	2	1	0	0.25	0	1
59	3	1	0	0.28	1	1
60	1	1	0	0.32	0	1
61	3	3	0	0.68	1	1
62	1	1	0	0.07	0	1
63	2	2	0	0.54	1	1
64	2	3	0	0.75	1	1
66	1	2	1	0.5	0	1
67	3	1	0	0.14	1	1
69	1	2	0	0.45	0	1
70	2	2	0	0.38	1	1
71	3	3	0	0.76	1	1
72	1	1	1	0.16	0	1
74	2	1	0	0.24	1	1
76	1	2	1	0.56	0	1
77	3	3	0	0.81	1	1
78	2	3	0	0.94	0	1
80	3	1	0	0.33	1	1
81	1	2	0	0.42	0	1
82	1	3	1	0.69	0	1
83	2	3	1	0.72	0	1
84	1	1	0	0.12	0	1
85	3	2	0	0.55	1	1
87	3	2	0	0.47	1	1
88	3	1	0	0.12	1	1
89	2	1	0	0.17	1	1
90	1	2	1	0.64	0	1
91	1	1	1	0.05	0	1
94	1	3	0	0.77	1	1
95	3	1	0	0.17	1	1
96	2	3	0	0.78	1	1
97	2	2	0	0.43	1	1
99	3	3	0	0.73	0	1
100	2	1	0	0.3	0	1
101	1	3	1	0.9	0	1
102	3	1	0	0.26	1	1
103	1	2	1	0.48	0	1
104	2	1	0	0.08	0	1
105	3	3	0	0.9	1	1
107	2	2	0	0.35	0	1
1	1	2	1	0.53	0	2
2	2	1	1	0.13	0	2
3	2	3	1	0.91	1	2
4	3	1	0	0.15	1	2
5	1	2	1	0.61	0	2
6	3	1	0	0.31	1	2
7	3	3	0	0.79	1	2
8	1	1	1	0.1	0	2
9	3	2	0	0.58	1	2
10	3	2	0	0.36	1	2
11	1	3	1	0.82	0	2
12	3	1	0	0.22	1	2
13	3	3	0	0.87	0	2
14	1	2	1	0.45	0	2
15	2	3	1	0.7	0	2
16	1	1	1	0.27	0	2
17	2	2	1	0.4	0	2
18	1	1	1	0.18	0	2
19	1	3	1	0.74	0	2
20	3	2	0	0.52	1	2
21	1	1	1	0.34	0	2
22	3	3	0	0.7	1	2
23	2	2	0	0.65	0	2
24	2	2	1	0.49	1	2
25	2	2	0	0.57	0	2
26	2	1	0	0.22	1	2
27	1	2	1	0.4	1	2
28	2	1	0	0.27	1	2
29	1	3	1	0.88	0	2
30	3	1	0	0.09	1	2
31	3	2	0	0.44	1	2
32	3	3	0	0.95	1	2
33	2	3	1	0.75	1	2
34	2	1	0	0.06	1	2
35	2	3	1	0.83	0	2
36	1	3	1	0.66	0	2
37	3	3	0	0.84	1	2
38	1	3	1	0.93	0	2
39	3	1	0	0.2	1	2
40	3	2	0	0.41	1	2
41	1	2	1	0.59	0	2
42	1	3	1	0.85	0	2
43	3	3	0	0.92	1	2
44	2	3	1	0.8	0	2
45	1	2	1	0.37	0	2
46	1	3	1	0.8	1	2
47	2	2	1	0.62	0	2
48	2	1	0	0.11	1	2
49	3	2	0	0.5	1	2
50	3	2	0	0.63	1	2
51	2	3	0	0.89	0	2
52	1	3	1	0.71	0	2
53	2	1	1	0.19	1	2
54	2	2	1	0.46	0	2
55	3	1	0	0.07	0	2
56	3	2	0	0.55	1	2
57	2	3	1	0.67	1	2
58	2	1	0	0.25	0	2
59	3	1	0	0.28	1	2
60	1	1	1	0.32	0	2
61	3	3	0	0.68	1	2
62	1	1	0	0.07	0	2
63	2	2	1	0.54	1	2
64	2	3	1	0.75	1	2
65	1	1	1	0.23	0	2
66	1	2	1	0.5	0	2
67	3	1	0	0.14	1	2
68	2	1	0	0.32	0	2
69	1	2	1	0.45	0	2
70	2	2	1	0.38	1	2
71	3	3	0	0.76	1	2
72	1	1	1	0.16	0	2
73	3	2	0	0.39	1	2
74	2	1	1	0.24	1	2
75	2	3	1	0.86	0	2
76	1	2	1	0.56	0	2
77	3	3	0	0.81	1	2
78	2	3	1	0.94	0	2
79	2	2	0	0.51	1	2
80	3	1	0	0.33	1	2
81	1	2	1	0.42	0	2
82	1	3	1	0.69	0	2
83	2	3	1	0.72	0	2
84	1	1	1	0.12	0	2
85	3	2	0	0.55	1	2
86	1	1	1	0.21	0	2
87	3	2	0	0.47	1	2
88	3	1	0	0.12	1	2
89	2	1	0	0.17	1	2
90	1	2	1	0.64	0	2
91	1	1	1	0.05	0	2
92	1	3	1	0.85	0	2
93	1	1	1	0.29	0	2
94	1	3	1	0.77	1	2
95	3	1	0	0.17	1	2
96	2	3	0	0.78	1	2
97	2	2	1	0.43	1	2
98	3	3	0	0.65	1	2
99	3	3	0	0.73	0	2
100	2	1	0	0.3	0	2
101	1	3	1	0.9	0	2
102	3	1	0	0.26	1	2
103	1	2	1	0.48	0	2
104	2	1	0	0.08	0	2
105	3	3	0	0.9	1	2
106	2	2	1	0.6	1	2
107	2	2	1	0.35	0	2
108	3	2	0	0.6	1	2
1	1	2	1	0.53	0	3
2	2	1	0	0.13	0	3
3	2	3	1	0.91	1	3
4	3	1	0	0.15	1	3
5	1	2	1	0.61	0	3
6	3	1	0	0.31	1	3
7	3	3	1	0.79	1	3
8	1	1	1	0.1	0	3
9	3	2	0	0.58	1	3
10	3	2	0	0.36	1	3
11	1	3	1	0.82	0	3
12	3	1	0	0.22	1	3
13	3	3	1	0.87	0	3
14	1	2	1	0.45	0	3
15	2	3	1	0.7	0	3
16	1	1	0	0.27	0	3
17	2	2	0	0.4	0	3
18	1	1	0	0.18	0	3
19	1	3	1	0.74	0	3
20	3	2	0	0.52	1	3
21	1	1	0	0.34	0	3
22	3	3	1	0.7	1	3
23	2	2	1	0.65	0	3
24	2	2	1	0.49	1	3
25	2	2	0	0.57	0	3
26	2	1	0	0.22	1	3
27	1	2	1	0.4	1	3
28	2	1	0	0.27	1	3
29	1	3	1	0.88	0	3
30	3	1	0	0.09	1	3
31	3	2	0	0.44	1	3
32	3	3	1	0.95	1	3
33	2	3	1	0.75	1	3
34	2	1	0	0.06	1	3
35	2	3	1	0.83	0	3
36	1	3	1	0.66	0	3
37	3	3	1	0.84	1	3
38	1	3	1	0.93	0	3
39	3	1	0	0.2	1	3
40	3	2	0	0.41	1	3
41	1	2	1	0.59	0	3
42	1	3	1	0.85	0	3
43	3	3	1	0.92	1	3
44	2	3	1	0.8	0	3
45	1	2	1	0.37	0	3
46	1	3	1	0.8	1	3
47	2	2	0	0.62	0	3
48	2	1	0	0.11	1	3
49	3	2	0	0.5	1	3
50	3	2	0	0.63	1	3
51	2	3	1	0.89	0	3
52	1	3	1	0.71	0	3
53	2	1	0	0.19	1	3
54	2	2	1	0.46	0	3
55	3	1	0	0.07	0	3
56	3	2	0	0.55	1	3
57	2	3	1	0.67	1	3
58	2	1	0	0.25	0	3
59	3	1	0	0.28	1	3
60	1	1	0	0.32	0	3
61	3	3	1	0.68	1	3
62	1	1	1	0.07	0	3
63	2	2	1	0.54	1	3
64	2	3	1	0.75	1	3
65	1	1	0	0.23	0	3
66	1	2	1	0.5	0	3
67	3	1	0	0.14	1	3
68	2	1	0	0.32	0	3
69	1	2	1	0.45	0	3
70	2	2	0	0.38	1	3
71	3	3	0	0.76	1	3
72	1	1	0	0.16	0	3
73	3	2	0	0.39	1	3
74	2	1	0	0.24	1	3
75	2	3	1	0.86	0	3
76	1	2	1	0.56	0	3
77	3	3	0	0.81	1	3
78	2	3	1	0.94	0	3
79	2	2	1	0.51	1	3
80	3	1	0	0.33	1	3
81	1	2	1	0.42	0	3
82	1	3	1	0.69	0	3
83	2	3	1	0.72	0	3
84	1	1	1	0.12	0	3
85	3	2	0	0.55	1	3
86	1	1	1	0.21	0	3
87	3	2	0	0.47	1	3
88	3	1	0	0.12	1	3
89	2	1	0	0.17	1	3
90	1	2	1	0.64	0	3
91	1	1	1	0.05	0	3
92	1	3	1	0.85	0	3
93	1	1	0	0.29	0	3
94	1	3	1	0.77	1	3
95	3	1	0	0.17	1	3
96	2	3	1	0.78	1	3
97	2	2	1	0.43	1	3
98	3	3	0	0.65	1	3
99	3	3	1	0.73	0	3
100	2	1	0	0.3	0	3
101	1	3	1	0.9	0	3
102	3	1	0	0.26	1	3
103	1	2	1	0.48	0	3
104	2	1	0	0.08	0	3
105	3	3	0	0.9	1	3
106	2	2	0	0.6	1	3
107	2	2	0	0.35	0	3
108	3	2	0	0.6	1	3
1	1	2	1	0.53	0	4
2	2	1	0	0.13	0	4
3	2	3	1	0.91	1	4
4	3	1	0	0.15	1	4
5	1	2	1	0.61	0	4
6	3	1	0	0.31	1	4
7	3	3	1	0.79	1	4
8	1	1	1	0.1	0	4
9	3	2	1	0.58	1	4
10	3	2	1	0.36	1	4
11	1	3	1	0.82	0	4
12	3	1	1	0.22	1	4
13	3	3	1	0.87	0	4
14	1	2	1	0.45	0	4
15	2	3	1	0.7	0	4
16	1	1	1	0.27	0	4
17	2	2	0	0.4	0	4
18	1	1	1	0.18	0	4
19	1	3	1	0.74	0	4
20	3	2	1	0.52	1	4
21	1	1	1	0.34	0	4
22	3	3	1	0.7	1	4
23	2	2	1	0.65	0	4
24	2	2	0	0.49	1	4
25	2	2	0	0.57	0	4
26	2	1	0	0.22	1	4
27	1	2	1	0.4	1	4
28	2	1	0	0.27	1	4
29	1	3	1	0.88	0	4
30	3	1	1	0.09	1	4
31	3	2	1	0.44	1	4
32	3	3	1	0.95	1	4
33	2	3	1	0.75	1	4
34	2	1	1	0.06	1	4
35	2	3	1	0.83	0	4
36	1	3	1	0.66	0	4
37	3	3	1	0.84	1	4
38	1	3	1	0.93	0	4
39	3	1	0	0.2	1	4
40	3	2	1	0.41	1	4
41	1	2	1	0.59	0	4
42	1	3	1	0.85	0	4
43	3	3	1	0.92	1	4
44	2	3	1	0.8	0	4
45	1	2	1	0.37	0	4
46	1	3	1	0.8	1	4
47	2	2	1	0.62	0	4
48	2	1	0	0.11	1	4
49	3	2	1	0.5	1	4
50	3	2	1	0.63	1	4
51	2	3	1	0.89	0	4
52	1	3	1	0.71	0	4
53	2	1	1	0.19	1	4
54	2	2	1	0.46	0	4
55	3	1	0	0.07	0	4
57	2	3	1	0.67	1	4
58	2	1	0	0.25	0	4
59	3	1	1	0.28	1	4
60	1	1	0	0.32	0	4
61	3	3	1	0.68	1	4
62	1	1	1	0.07	0	4
63	2	2	1	0.54	1	4
64	2	3	1	0.75	1	4
65	1	1	1	0.23	0	4
66	1	2	1	0.5	0	4
67	3	1	1	0.14	1	4
68	2	1	1	0.32	0	4
69	1	2	1	0.45	0	4
70	2	2	1	0.38	1	4
71	3	3	1	0.76	1	4
72	1	1	1	0.16	0	4
73	3	2	1	0.39	1	4
74	2	1	0	0.24	1	4
75	2	3	1	0.86	0	4
76	1	2	1	0.56	0	4
77	3	3	1	0.81	1	4
78	2	3	1	0.94	0	4
79	2	2	0	0.51	1	4
80	3	1	0	0.33	1	4
81	1	2	1	0.42	0	4
82	1	3	1	0.69	0	4
83	2	3	1	0.72	0	4
84	1	1	1	0.12	0	4
85	3	2	1	0.55	1	4
86	1	1	1	0.21	0	4
87	3	2	1	0.47	1	4
89	2	1	0	0.17	1	4
90	1	2	1	0.64	0	4
91	1	1	1	0.05	0	4
92	1	3	1	0.85	0	4
93	1	1	1	0.29	0	4
94	1	3	1	0.77	1	4
95	3	1	0	0.17	1	4
96	2	3	1	0.78	1	4
97	2	2	1	0.43	1	4
98	3	3	1	0.65	1	4
99	3	3	1	0.73	0	4
100	2	1	1	0.3	0	4
101	1	3	1	0.9	0	4
102	3	1	0	0.26	1	4
103	1	2	1	0.48	0	4
104	2	1	1	0.08	0	4
105	3	3	1	0.9	1	4
106	2	2	0	0.6	1	4
107	2	2	1	0.35	0	4
108	3	2	0	0.6	1	4
1	1	2	1	0.53	0	5
2	2	1	1	0.13	0	5
3	2	3	1	0.91	1	5
4	3	1	0	0.15	1	5
5	1	2	1	0.61	0	5
6	3	1	0	0.31	1	5
7	3	3	0	0.79	1	5
8	1	1	1	0.1	0	5
9	3	2	0	0.58	1	5
10	3	2	0	0.36	1	5
11	1	3	1	0.82	0	5
12	3	1	0	0.22	1	5
13	3	3	0	0.87	0	5
14	1	2	1	0.45	0	5
15	2	3	1	0.7	0	5
16	1	1	1	0.27	0	5
17	2	2	1	0.4	0	5
18	1	1	1	0.18	0	5
19	1	3	1	0.74	0	5
20	3	2	0	0.52	1	5
21	1	1	1	0.34	0	5
22	3	3	0	0.7	1	5
23	2	2	1	0.65	0	5
24	2	2	1	0.49	1	5
25	2	2	1	0.57	0	5
26	2	1	0	0.22	1	5
27	1	2	1	0.4	1	5
28	2	1	1	0.27	1	5
29	1	3	1	0.88	0	5
30	3	1	0	0.09	1	5
31	3	2	0	0.44	1	5
32	3	3	0	0.95	1	5
33	2	3	1	0.75	1	5
34	2	1	1	0.06	1	5
35	2	3	1	0.83	0	5
36	1	3	1	0.66	0	5
37	3	3	1	0.84	1	5
38	1	3	1	0.93	0	5
39	3	1	0	0.2	1	5
40	3	2	0	0.41	1	5
41	1	2	1	0.59	0	5
42	1	3	1	0.85	0	5
43	3	3	0	0.92	1	5
44	2	3	1	0.8	0	5
45	1	2	1	0.37	0	5
46	1	3	1	0.8	1	5
47	2	2	1	0.62	0	5
48	2	1	1	0.11	1	5
49	3	2	0	0.5	1	5
50	3	2	0	0.63	1	5
51	2	3	1	0.89	0	5
52	1	3	1	0.71	0	5
53	2	1	1	0.19	1	5
54	2	2	1	0.46	0	5
55	3	1	0	0.07	0	5
56	3	2	0	0.55	1	5
57	2	3	1	0.67	1	5
58	2	1	1	0.25	0	5
59	3	1	0	0.28	1	5
60	1	1	1	0.32	0	5
61	3	3	0	0.68	1	5
62	1	1	1	0.07	0	5
63	2	2	1	0.54	1	5
64	2	3	1	0.75	1	5
65	1	1	1	0.23	0	5
66	1	2	1	0.5	0	5
67	3	1	0	0.14	1	5
68	2	1	0	0.32	0	5
69	1	2	1	0.45	0	5
70	2	2	1	0.38	1	5
71	3	3	1	0.76	1	5
72	1	1	1	0.16	0	5
73	3	2	0	0.39	1	5
74	2	1	1	0.24	1	5
75	2	3	1	0.86	0	5
76	1	2	1	0.56	0	5
77	3	3	0	0.81	1	5
78	2	3	1	0.94	0	5
79	2	2	1	0.51	1	5
80	3	1	0	0.33	1	5
81	1	2	1	0.42	0	5
82	1	3	1	0.69	0	5
83	2	3	1	0.72	0	5
84	1	1	1	0.12	0	5
85	3	2	0	0.55	1	5
86	1	1	1	0.21	0	5
87	3	2	0	0.47	1	5
88	3	1	0	0.12	1	5
89	2	1	1	0.17	1	5
90	1	2	1	0.64	0	5
91	1	1	1	0.05	0	5
92	1	3	1	0.85	0	5
93	1	1	1	0.29	0	5
94	1	3	1	0.77	1	5
95	3	1	0	0.17	1	5
96	2	3	1	0.78	1	5
97	2	2	1	0.43	1	5
98	3	3	0	0.65	1	5
99	3	3	0	0.73	0	5
100	2	1	1	0.3	0	5
101	1	3	1	0.9	0	5
102	3	1	0	0.26	1	5
103	1	2	1	0.48	0	5
104	2	1	1	0.08	0	5
105	3	3	0	0.9	1	5
106	2	2	1	0.6	1	5
107	2	2	1	0.35	0	5
108	3	2	0	0.6	1	5
1	1	2	1	0.53	0	6
2	2	1	0	0.13	0	6
3	2	3	1	0.91	1	6
4	3	1	0	0.15	1	6
5	1	2	1	0.61	0	6
6	3	1	0	0.31	1	6
7	3	3	1	0.79	1	6
8	1	1	1	0.1	0	6
9	3	2	1	0.58	1	6
10	3	2	1	0.36	1	6
11	1	3	1	0.82	0	6
12	3	1	0	0.22	1	6
13	3	3	1	0.87	0	6
14	1	2	1	0.45	0	6
15	2	3	1	0.7	0	6
16	1	1	0	0.27	0	6
17	2	2	1	0.4	0	6
18	1	1	0	0.18	0	6
19	1	3	1	0.74	0	6
20	3	2	0	0.52	1	6
21	1	1	0	0.34	0	6
22	3	3	1	0.7	1	6
23	2	2	1	0.65	0	6
24	2	2	1	0.49	1	6
25	2	2	0	0.57	0	6
26	2	1	1	0.22	1	6
27	1	2	1	0.4	1	6
28	2	1	1	0.27	1	6
29	1	3	1	0.88	0	6
30	3	1	0	0.09	1	6
31	3	2	1	0.44	1	6
32	3	3	1	0.95	1	6
33	2	3	1	0.75	1	6
34	2	1	0	0.06	1	6
35	2	3	1	0.83	0	6
36	1	3	1	0.66	0	6
37	3	3	1	0.84	1	6
38	1	3	1	0.93	0	6
39	3	1	0	0.2	1	6
40	3	2	0	0.41	1	6
41	1	2	1	0.59	0	6
42	1	3	1	0.85	0	6
43	3	3	1	0.92	1	6
44	2	3	1	0.8	0	6
45	1	2	1	0.37	0	6
46	1	3	1	0.8	1	6
47	2	2	1	0.62	0	6
48	2	1	1	0.11	1	6
49	3	2	0	0.5	1	6
50	3	2	1	0.63	1	6
51	2	3	1	0.89	0	6
52	1	3	1	0.71	0	6
53	2	1	1	0.19	1	6
54	2	2	1	0.46	0	6
55	3	1	0	0.07	0	6
56	3	2	1	0.55	1	6
57	2	3	1	0.67	1	6
58	2	1	0	0.25	0	6
59	3	1	0	0.28	1	6
60	1	1	0	0.32	0	6
61	3	3	1	0.68	1	6
62	1	1	1	0.07	0	6
63	2	2	1	0.54	1	6
64	2	3	1	0.75	1	6
65	1	1	0	0.23	0	6
66	1	2	1	0.5	0	6
67	3	1	0	0.14	1	6
68	2	1	0	0.32	0	6
69	1	2	1	0.45	0	6
70	2	2	1	0.38	1	6
71	3	3	1	0.76	1	6
72	1	1	1	0.16	0	6
73	3	2	1	0.39	1	6
74	2	1	1	0.24	1	6
75	2	3	1	0.86	0	6
76	1	2	1	0.56	0	6
77	3	3	0	0.81	1	6
78	2	3	1	0.94	0	6
79	2	2	1	0.51	1	6
80	3	1	0	0.33	1	6
81	1	2	1	0.42	0	6
82	1	3	1	0.69	0	6
83	2	3	1	0.72	0	6
84	1	1	0	0.12	0	6
85	3	2	0	0.55	1	6
86	1	1	1	0.21	0	6
87	3	2	1	0.47	1	6
88	3	1	0	0.12	1	6
89	2	1	0	0.17	1	6
90	1	2	1	0.64	0	6
91	1	1	1	0.05	0	6
92	1	3	1	0.85	0	6
93	1	1	1	0.29	0	6
94	1	3	1	0.77	1	6
95	3	1	0	0.17	1	6
96	2	3	1	0.78	1	6
97	2	2	1	0.43	1	6
98	3	3	1	0.65	1	6
99	3	3	1	0.73	0	6
100	2	1	1	0.3	0	6
101	1	3	1	0.9	0	6
102	3	1	0	0.26	1	6
104	2	1	1	0.08	0	6
105	3	3	1	0.9	1	6
106	2	2	1	0.6	1	6
107	2	2	1	0.35	0	6
108	3	2	1	0.6	1	6
2	2	1	0	0.13	0	7
3	2	3	1	0.91	1	7
4	3	1	0	0.15	1	7
5	1	2	1	0.61	0	7
6	3	1	0	0.31	1	7
7	3	3	0	0.79	1	7
8	1	1	0	0.1	0	7
9	3	2	0	0.58	1	7
10	3	2	0	0.36	1	7
11	1	3	1	0.82	0	7
12	3	1	0	0.22	1	7
13	3	3	1	0.87	0	7
14	1	2	1	0.45	0	7
15	2	3	1	0.7	0	7
16	1	1	1	0.27	0	7
17	2	2	1	0.4	0	7
18	1	1	1	0.18	0	7
19	1	3	1	0.74	0	7
20	3	2	0	0.52	1	7
21	1	1	1	0.34	0	7
22	3	3	0	0.7	1	7
23	2	2	0	0.65	0	7
24	2	2	0	0.49	1	7
25	2	2	1	0.57	0	7
26	2	1	0	0.22	1	7
27	1	2	1	0.4	1	7
28	2	1	0	0.27	1	7
29	1	3	1	0.88	0	7
30	3	1	0	0.09	1	7
31	3	2	0	0.44	1	7
32	3	3	0	0.95	1	7
33	2	3	1	0.75	1	7
34	2	1	0	0.06	1	7
35	2	3	1	0.83	0	7
36	1	3	1	0.66	0	7
37	3	3	1	0.84	1	7
38	1	3	1	0.93	0	7
39	3	1	0	0.2	1	7
40	3	2	0	0.41	1	7
41	1	2	1	0.59	0	7
42	1	3	1	0.85	0	7
43	3	3	1	0.92	1	7
44	2	3	1	0.8	0	7
45	1	2	1	0.37	0	7
46	1	3	1	0.8	1	7
47	2	2	0	0.62	0	7
48	2	1	0	0.11	1	7
49	3	2	0	0.5	1	7
50	3	2	0	0.63	1	7
51	2	3	1	0.89	0	7
52	1	3	1	0.71	0	7
53	2	1	0	0.19	1	7
54	2	2	1	0.46	0	7
55	3	1	0	0.07	0	7
56	3	2	0	0.55	1	7
57	2	3	1	0.67	1	7
58	2	1	0	0.25	0	7
59	3	1	0	0.28	1	7
60	1	1	1	0.32	0	7
61	3	3	1	0.68	1	7
62	1	1	1	0.07	0	7
63	2	2	1	0.54	1	7
64	2	3	1	0.75	1	7
65	1	1	1	0.23	0	7
66	1	2	1	0.5	0	7
67	3	1	0	0.14	1	7
68	2	1	0	0.32	0	7
69	1	2	1	0.45	0	7
70	2	2	1	0.38	1	7
71	3	3	1	0.76	1	7
72	1	1	1	0.16	0	7
73	3	2	0	0.39	1	7
74	2	1	0	0.24	1	7
75	2	3	1	0.86	0	7
76	1	2	1	0.56	0	7
77	3	3	0	0.81	1	7
78	2	3	1	0.94	0	7
79	2	2	1	0.51	1	7
80	3	1	0	0.33	1	7
81	1	2	1	0.42	0	7
82	1	3	1	0.69	0	7
83	2	3	1	0.72	0	7
84	1	1	1	0.12	0	7
85	3	2	0	0.55	1	7
86	1	1	1	0.21	0	7
87	3	2	0	0.47	1	7
88	3	1	0	0.12	1	7
89	2	1	0	0.17	1	7
90	1	2	1	0.64	0	7
91	1	1	1	0.05	0	7
92	1	3	1	0.85	0	7
93	1	1	0	0.29	0	7
94	1	3	1	0.77	1	7
95	3	1	0	0.17	1	7
96	2	3	1	0.78	1	7
97	2	2	1	0.43	1	7
98	3	3	1	0.65	1	7
99	3	3	1	0.73	0	7
100	2	1	0	0.3	0	7
101	1	3	1	0.9	0	7
102	3	1	0	0.26	1	7
103	1	2	1	0.48	0	7
104	2	1	1	0.08	0	7
105	3	3	1	0.9	1	7
106	2	2	1	0.6	1	7
107	2	2	0	0.35	0	7
108	3	2	0	0.6	1	7
1	1	2	1	0.53	0	8
2	2	1	1	0.13	0	8
3	2	3	1	0.91	1	8
4	3	1	0	0.15	1	8
5	1	2	1	0.61	0	8
6	3	1	0	0.31	1	8
7	3	3	0	0.79	1	8
8	1	1	1	0.1	0	8
9	3	2	0	0.58	1	8
10	3	2	0	0.36	1	8
11	1	3	1	0.82	0	8
12	3	1	0	0.22	1	8
13	3	3	0	0.87	0	8
14	1	2	1	0.45	0	8
15	2	3	1	0.7	0	8
16	1	1	1	0.27	0	8
17	2	2	1	0.4	0	8
18	1	1	1	0.18	0	8
19	1	3	1	0.74	0	8
20	3	2	0	0.52	1	8
21	1	1	1	0.34	0	8
22	3	3	0	0.7	1	8
23	2	2	1	0.65	0	8
24	2	2	1	0.49	1	8
25	2	2	1	0.57	0	8
26	2	1	0	0.22	1	8
27	1	2	1	0.4	1	8
28	2	1	1	0.27	1	8
29	1	3	1	0.88	0	8
30	3	1	0	0.09	1	8
31	3	2	0	0.44	1	8
32	3	3	0	0.95	1	8
33	2	3	1	0.75	1	8
34	2	1	1	0.06	1	8
35	2	3	1	0.83	0	8
36	1	3	1	0.66	0	8
37	3	3	0	0.84	1	8
38	1	3	1	0.93	0	8
39	3	1	0	0.2	1	8
40	3	2	0	0.41	1	8
41	1	2	1	0.59	0	8
42	1	3	1	0.85	0	8
43	3	3	0	0.92	1	8
44	2	3	1	0.8	0	8
45	1	2	1	0.37	0	8
46	1	3	1	0.8	1	8
47	2	2	1	0.62	0	8
48	2	1	1	0.11	1	8
49	3	2	0	0.5	1	8
50	3	2	0	0.63	1	8
51	2	3	1	0.89	0	8
52	1	3	1	0.71	0	8
53	2	1	1	0.19	1	8
54	2	2	1	0.46	0	8
55	3	1	0	0.07	0	8
56	3	2	0	0.55	1	8
57	2	3	1	0.67	1	8
58	2	1	1	0.25	0	8
59	3	1	0	0.28	1	8
60	1	1	1	0.32	0	8
61	3	3	0	0.68	1	8
62	1	1	1	0.07	0	8
63	2	2	1	0.54	1	8
64	2	3	1	0.75	1	8
65	1	1	1	0.23	0	8
66	1	2	1	0.5	0	8
67	3	1	0	0.14	1	8
68	2	1	1	0.32	0	8
69	1	2	1	0.45	0	8
70	2	2	1	0.38	1	8
71	3	3	0	0.76	1	8
72	1	1	1	0.16	0	8
73	3	2	0	0.39	1	8
74	2	1	0	0.24	1	8
75	2	3	1	0.86	0	8
76	1	2	1	0.56	0	8
77	3	3	0	0.81	1	8
78	2	3	1	0.94	0	8
79	2	2	1	0.51	1	8
80	3	1	1	0.33	1	8
81	1	2	1	0.42	0	8
82	1	3	1	0.69	0	8
83	2	3	1	0.72	0	8
84	1	1	1	0.12	0	8
85	3	2	0	0.55	1	8
86	1	1	0	0.21	0	8
87	3	2	0	0.47	1	8
88	3	1	0	0.12	1	8
89	2	1	1	0.17	1	8
90	1	2	1	0.64	0	8
91	1	1	1	0.05	0	8
92	1	3	1	0.85	0	8
93	1	1	1	0.29	0	8
94	1	3	1	0.77	1	8
95	3	1	0	0.17	1	8
96	2	3	1	0.78	1	8
97	2	2	1	0.43	1	8
98	3	3	0	0.65	1	8
100	2	1	1	0.3	0	8
101	1	3	1	0.9	0	8
102	3	1	0	0.26	1	8
103	1	2	1	0.48	0	8
104	2	1	1	0.08	0	8
105	3	3	0	0.9	1	8
106	2	2	1	0.6	1	8
107	2	2	1	0.35	0	8
108	3	2	0	0.6	1	8
1	1	2	1	0.53	0	9
2	2	1	0	0.13	0	9
3	2	3	1	0.91	1	9
4	3	1	0	0.15	1	9
5	1	2	0	0.61	0	9
6	3	1	0	0.31	1	9
7	3	3	0	0.79	1	9
8	1	1	0	0.1	0	9
9	3	2	0	0.58	1	9
10	3	2	0	0.36	1	9
11	1	3	1	0.82	0	9
12	3	1	0	0.22	1	9
13	3	3	0	0.87	0	9
14	1	2	0	0.45	0	9
15	2	3	0	0.7	0	9
16	1	1	0	0.27	0	9
17	2	2	1	0.4	0	9
18	1	1	0	0.18	0	9
19	1	3	0	0.74	0	9
20	3	2	0	0.52	1	9
21	1	1	1	0.34	0	9
23	2	2	1	0.65	0	9
24	2	2	1	0.49	1	9
25	2	2	0	0.57	0	9
26	2	1	1	0.22	1	9
27	1	2	0	0.4	1	9
28	2	1	0	0.27	1	9
29	1	3	0	0.88	0	9
30	3	1	0	0.09	1	9
31	3	2	1	0.44	1	9
32	3	3	0	0.95	1	9
33	2	3	0	0.75	1	9
34	2	1	0	0.06	1	9
35	2	3	0	0.83	0	9
36	1	3	0	0.66	0	9
37	3	3	0	0.84	1	9
39	3	1	0	0.2	1	9
40	3	2	0	0.41	1	9
41	1	2	0	0.59	0	9
42	1	3	0	0.85	0	9
43	3	3	1	0.92	1	9
44	2	3	0	0.8	0	9
45	1	2	0	0.37	0	9
46	1	3	1	0.8	1	9
47	2	2	0	0.62	0	9
48	2	1	0	0.11	1	9
49	3	2	0	0.5	1	9
50	3	2	0	0.63	1	9
51	2	3	0	0.89	0	9
53	2	1	1	0.19	1	9
54	2	2	0	0.46	0	9
55	3	1	0	0.07	0	9
56	3	2	1	0.55	1	9
57	2	3	0	0.67	1	9
58	2	1	0	0.25	0	9
59	3	1	0	0.28	1	9
60	1	1	0	0.32	0	9
61	3	3	0	0.68	1	9
62	1	1	0	0.07	0	9
63	2	2	0	0.54	1	9
64	2	3	0	0.75	1	9
65	1	1	0	0.23	0	9
66	1	2	0	0.5	0	9
67	3	1	0	0.14	1	9
68	2	1	0	0.32	0	9
70	2	2	0	0.38	1	9
72	1	1	1	0.16	0	9
73	3	2	0	0.39	1	9
74	2	1	0	0.24	1	9
75	2	3	0	0.86	0	9
76	1	2	0	0.56	0	9
77	3	3	0	0.81	1	9
78	2	3	0	0.94	0	9
79	2	2	0	0.51	1	9
80	3	1	0	0.33	1	9
81	1	2	0	0.42	0	9
82	1	3	0	0.69	0	9
83	2	3	0	0.72	0	9
84	1	1	0	0.12	0	9
85	3	2	0	0.55	1	9
86	1	1	0	0.21	0	9
87	3	2	0	0.47	1	9
88	3	1	0	0.12	1	9
89	2	1	0	0.17	1	9
91	1	1	0	0.05	0	9
92	1	3	0	0.85	0	9
93	1	1	0	0.29	0	9
94	1	3	0	0.77	1	9
95	3	1	0	0.17	1	9
96	2	3	0	0.78	1	9
97	2	2	0	0.43	1	9
98	3	3	0	0.65	1	9
99	3	3	0	0.73	0	9
100	2	1	0	0.3	0	9
101	1	3	0	0.9	0	9
102	3	1	0	0.26	1	9
103	1	2	0	0.48	0	9
104	2	1	0	0.08	0	9
105	3	3	0	0.9	1	9
106	2	2	0	0.6	1	9
107	2	2	0	0.35	0	9
108	3	2	0	0.6	1	9
1	1	2	1	0.53	0	10
2	2	1	1	0.13	0	10
3	2	3	1	0.91	1	10
4	3	1	0	0.15	1	10
5	1	2	1	0.61	0	10
6	3	1	0	0.31	1	10
7	3	3	1	0.79	1	10
8	1	1	1	0.1	0	10
9	3	2	1	0.58	1	10
10	3	2	0	0.36	1	10
11	1	3	1	0.82	0	10
12	3	1	1	0.22	1	10
13	3	3	1	0.87	0	10
14	1	2	1	0.45	0	10
15	2	3	1	0.7	0	10
16	1	1	1	0.27	0	10
17	2	2	1	0.4	0	10
18	1	1	1	0.18	0	10
19	1	3	1	0.74	0	10
20	3	2	1	0.52	1	10
21	1	1	1	0.34	0	10
22	3	3	1	0.7	1	10
23	2	2	1	0.65	0	10
24	2	2	1	0.49	1	10
25	2	2	1	0.57	0	10
26	2	1	1	0.22	1	10
27	1	2	1	0.4	1	10
28	2	1	0	0.27	1	10
29	1	3	1	0.88	0	10
30	3	1	1	0.09	1	10
31	3	2	1	0.44	1	10
32	3	3	1	0.95	1	10
33	2	3	1	0.75	1	10
34	2	1	1	0.06	1	10
35	2	3	1	0.83	0	10
36	1	3	0	0.66	0	10
37	3	3	1	0.84	1	10
38	1	3	1	0.93	0	10
39	3	1	0	0.2	1	10
40	3	2	1	0.41	1	10
41	1	2	1	0.59	0	10
42	1	3	1	0.85	0	10
43	3	3	1	0.92	1	10
44	2	3	1	0.8	0	10
45	1	2	1	0.37	0	10
46	1	3	1	0.8	1	10
47	2	2	1	0.62	0	10
48	2	1	0	0.11	1	10
49	3	2	0	0.5	1	10
50	3	2	1	0.63	1	10
51	2	3	1	0.89	0	10
52	1	3	1	0.71	0	10
53	2	1	0	0.19	1	10
54	2	2	1	0.46	0	10
55	3	1	0	0.07	0	10
56	3	2	0	0.55	1	10
57	2	3	1	0.67	1	10
58	2	1	1	0.25	0	10
59	3	1	0	0.28	1	10
60	1	1	1	0.32	0	10
61	3	3	1	0.68	1	10
62	1	1	1	0.07	0	10
63	2	2	1	0.54	1	10
64	2	3	1	0.75	1	10
65	1	1	0	0.23	0	10
66	1	2	1	0.5	0	10
67	3	1	1	0.14	1	10
68	2	1	1	0.32	0	10
69	1	2	1	0.45	0	10
70	2	2	1	0.38	1	10
71	3	3	1	0.76	1	10
72	1	1	1	0.16	0	10
73	3	2	1	0.39	1	10
74	2	1	1	0.24	1	10
75	2	3	1	0.86	0	10
76	1	2	1	0.56	0	10
77	3	3	1	0.81	1	10
78	2	3	1	0.94	0	10
79	2	2	1	0.51	1	10
80	3	1	0	0.33	1	10
81	1	2	1	0.42	0	10
82	1	3	1	0.69	0	10
83	2	3	1	0.72	0	10
84	1	1	1	0.12	0	10
85	3	2	1	0.55	1	10
86	1	1	1	0.21	0	10
87	3	2	1	0.47	1	10
88	3	1	1	0.12	1	10
89	2	1	1	0.17	1	10
90	1	2	1	0.64	0	10
91	1	1	1	0.05	0	10
92	1	3	1	0.85	0	10
93	1	1	1	0.29	0	10
94	1	3	1	0.77	1	10
95	3	1	0	0.17	1	10
96	2	3	1	0.78	1	10
97	2	2	1	0.43	1	10
98	3	3	1	0.65	1	10
99	3	3	1	0.73	0	10
100	2	1	1	0.3	0	10
101	1	3	1	0.9	0	10
102	3	1	0	0.26	1	10
103	1	2	1	0.48	0	10
104	2	1	1	0.08	0	10
105	3	3	1	0.9	1	10
106	2	2	1	0.6	1	10
107	2	2	0	0.35	0	10
108	3	2	1	0.6	1	10
1	1	2	1	0.53	0	11
2	2	1	0	0.13	0	11
3	2	3	1	0.91	1	11
4	3	1	0	0.15	1	11
5	1	2	1	0.61	0	11
6	3	1	0	0.31	1	11
7	3	3	1	0.79	1	11
8	1	1	1	0.1	0	11
9	3	2	0	0.58	1	11
10	3	2	0	0.36	1	11
11	1	3	1	0.82	0	11
12	3	1	0	0.22	1	11
13	3	3	0	0.87	0	11
14	1	2	1	0.45	0	11
15	2	3	1	0.7	0	11
16	1	1	1	0.27	0	11
17	2	2	0	0.4	0	11
18	1	1	1	0.18	0	11
19	1	3	1	0.74	0	11
20	3	2	0	0.52	1	11
21	1	1	1	0.34	0	11
22	3	3	1	0.7	1	11
23	2	2	1	0.65	0	11
24	2	2	0	0.49	1	11
25	2	2	1	0.57	0	11
26	2	1	0	0.22	1	11
27	1	2	1	0.4	1	11
28	2	1	0	0.27	1	11
29	1	3	1	0.88	0	11
30	3	1	0	0.09	1	11
31	3	2	0	0.44	1	11
32	3	3	1	0.95	1	11
33	2	3	1	0.75	1	11
34	2	1	0	0.06	1	11
35	2	3	1	0.83	0	11
36	1	3	1	0.66	0	11
37	3	3	1	0.84	1	11
38	1	3	1	0.93	0	11
39	3	1	0	0.2	1	11
40	3	2	0	0.41	1	11
41	1	2	1	0.59	0	11
42	1	3	1	0.85	0	11
43	3	3	1	0.92	1	11
44	2	3	1	0.8	0	11
45	1	2	1	0.37	0	11
46	1	3	1	0.8	1	11
47	2	2	1	0.62	0	11
48	2	1	0	0.11	1	11
49	3	2	0	0.5	1	11
50	3	2	0	0.63	1	11
51	2	3	1	0.89	0	11
52	1	3	1	0.71	0	11
53	2	1	0	0.19	1	11
54	2	2	1	0.46	0	11
55	3	1	0	0.07	0	11
56	3	2	0	0.55	1	11
57	2	3	1	0.67	1	11
58	2	1	0	0.25	0	11
59	3	1	0	0.28	1	11
60	1	1	1	0.32	0	11
61	3	3	1	0.68	1	11
62	1	1	0	0.07	0	11
63	2	2	0	0.54	1	11
64	2	3	1	0.75	1	11
65	1	1	0	0.23	0	11
66	1	2	1	0.5	0	11
67	3	1	0	0.14	1	11
68	2	1	0	0.32	0	11
69	1	2	1	0.45	0	11
70	2	2	0	0.38	1	11
71	3	3	0	0.76	1	11
72	1	1	0	0.16	0	11
73	3	2	0	0.39	1	11
74	2	1	0	0.24	1	11
75	2	3	1	0.86	0	11
76	1	2	1	0.56	0	11
77	3	3	0	0.81	1	11
78	2	3	1	0.94	0	11
79	2	2	1	0.51	1	11
80	3	1	0	0.33	1	11
81	1	2	1	0.42	0	11
82	1	3	1	0.69	0	11
83	2	3	1	0.72	0	11
84	1	1	0	0.12	0	11
85	3	2	0	0.55	1	11
86	1	1	1	0.21	0	11
87	3	2	0	0.47	1	11
88	3	1	0	0.12	1	11
89	2	1	0	0.17	1	11
90	1	2	1	0.64	0	11
91	1	1	1	0.05	0	11
92	1	3	1	0.85	0	11
93	1	1	1	0.29	0	11
94	1	3	1	0.77	1	11
95	3	1	0	0.17	1	11
96	2	3	1	0.78	1	11
97	2	2	1	0.43	1	11
98	3	3	1	0.65	1	11
99	3	3	0	0.73	0	11
100	2	1	0	0.3	0	11
101	1	3	1	0.9	0	11
102	3	1	0	0.26	1	11
103	1	2	1	0.48	0	11
104	2	1	1	0.08	0	11
105	3	3	1	0.9	1	11
106	2	2	1	0.6	1	11
107	2	2	0	0.35	0	11
108	3	2	0	0.6	1	11
1	1	2	1	0.53	0	12
2	2	1	1	0.13	0	12
3	2	3	1	0.91	1	12
4	3	1	0	0.15	1	12
5	1	2	1	0.61	0	12
6	3	1	0	0.31	1	12
7	3	3	0	0.79	1	12
8	1	1	1	0.1	0	12
9	3	2	0	0.58	1	12
10	3	2	0	0.36	1	12
11	1	3	1	0.82	0	12
12	3	1	0	0.22	1	12
13	3	3	1	0.87	0	12
14	1	2	1	0.45	0	12
15	2	3	1	0.7	0	12
16	1	1	1	0.27	0	12
17	2	2	1	0.4	0	12
18	1	1	1	0.18	0	12
19	1	3	1	0.74	0	12
20	3	2	0	0.52	1	12
21	1	1	1	0.34	0	12
22	3	3	1	0.7	1	12
23	2	2	1	0.65	0	12
24	2	2	1	0.49	1	12
25	2	2	1	0.57	0	12
26	2	1	1	0.22	1	12
27	1	2	1	0.4	1	12
28	2	1	1	0.27	1	12
29	1	3	1	0.88	0	12
30	3	1	0	0.09	1	12
31	3	2	0	0.44	1	12
32	3	3	0	0.95	1	12
33	2	3	1	0.75	1	12
34	2	1	1	0.06	1	12
35	2	3	1	0.83	0	12
36	1	3	1	0.66	0	12
37	3	3	1	0.84	1	12
38	1	3	1	0.93	0	12
39	3	1	0	0.2	1	12
40	3	2	0	0.41	1	12
41	1	2	1	0.59	0	12
42	1	3	1	0.85	0	12
43	3	3	1	0.92	1	12
44	2	3	1	0.8	0	12
45	1	2	1	0.37	0	12
46	1	3	1	0.8	1	12
47	2	2	1	0.62	0	12
48	2	1	1	0.11	1	12
49	3	2	0	0.5	1	12
50	3	2	0	0.63	1	12
51	2	3	1	0.89	0	12
52	1	3	1	0.71	0	12
53	2	1	1	0.19	1	12
54	2	2	1	0.46	0	12
55	3	1	0	0.07	0	12
56	3	2	0	0.55	1	12
57	2	3	1	0.67	1	12
58	2	1	1	0.25	0	12
59	3	1	0	0.28	1	12
60	1	1	1	0.32	0	12
61	3	3	1	0.68	1	12
62	1	1	1	0.07	0	12
63	2	2	1	0.54	1	12
64	2	3	1	0.75	1	12
65	1	1	1	0.23	0	12
66	1	2	1	0.5	0	12
67	3	1	0	0.14	1	12
68	2	1	1	0.32	0	12
69	1	2	1	0.45	0	12
70	2	2	1	0.38	1	12
71	3	3	0	0.76	1	12
72	1	1	1	0.16	0	12
73	3	2	0	0.39	1	12
74	2	1	1	0.24	1	12
75	2	3	1	0.86	0	12
76	1	2	1	0.56	0	12
77	3	3	0	0.81	1	12
78	2	3	1	0.94	0	12
79	2	2	1	0.51	1	12
80	3	1	0	0.33	1	12
81	1	2	1	0.42	0	12
82	1	3	1	0.69	0	12
83	2	3	1	0.72	0	12
84	1	1	1	0.12	0	12
85	3	2	0	0.55	1	12
86	1	1	1	0.21	0	12
87	3	2	0	0.47	1	12
88	3	1	0	0.12	1	12
89	2	1	1	0.17	1	12
90	1	2	1	0.64	0	12
91	1	1	1	0.05	0	12
92	1	3	1	0.85	0	12
93	1	1	1	0.29	0	12
94	1	3	1	0.77	1	12
95	3	1	0	0.17	1	12
96	2	3	1	0.78	1	12
97	2	2	1	0.43	1	12
98	3	3	0	0.65	1	12
99	3	3	0	0.73	0	12
100	2	1	1	0.3	0	12
101	1	3	1	0.9	0	12
102	3	1	0	0.26	1	12
103	1	2	1	0.48	0	12
104	2	1	1	0.08	0	12
105	3	3	0	0.9	1	12
106	2	2	1	0.6	1	12
107	2	2	1	0.35	0	12
108	3	2	0	0.6	1	12
1	1	2	1	0.53	0	13
2	2	1	0	0.13	0	13
3	2	3	1	0.91	1	13
4	3	1	0	0.15	1	13
5	1	2	1	0.61	0	13
6	3	1	0	0.31	1	13
7	3	3	0	0.79	1	13
8	1	1	1	0.1	0	13
9	3	2	0	0.58	1	13
10	3	2	0	0.36	1	13
11	1	3	1	0.82	0	13
12	3	1	0	0.22	1	13
13	3	3	0	0.87	0	13
14	1	2	1	0.45	0	13
15	2	3	1	0.7	0	13
16	1	1	1	0.27	0	13
17	2	2	1	0.4	0	13
18	1	1	1	0.18	0	13
19	1	3	1	0.74	0	13
20	3	2	0	0.52	1	13
21	1	1	1	0.34	0	13
22	3	3	0	0.7	1	13
23	2	2	1	0.65	0	13
24	2	2	1	0.49	1	13
25	2	2	1	0.57	0	13
26	2	1	1	0.22	1	13
27	1	2	1	0.4	1	13
28	2	1	1	0.27	1	13
29	1	3	1	0.88	0	13
30	3	1	0	0.09	1	13
31	3	2	0	0.44	1	13
32	3	3	0	0.95	1	13
33	2	3	1	0.75	1	13
34	2	1	1	0.06	1	13
35	2	3	1	0.83	0	13
36	1	3	1	0.66	0	13
37	3	3	0	0.84	1	13
38	1	3	1	0.93	0	13
39	3	1	0	0.2	1	13
40	3	2	0	0.41	1	13
41	1	2	1	0.59	0	13
42	1	3	1	0.85	0	13
43	3	3	0	0.92	1	13
44	2	3	1	0.8	0	13
45	1	2	1	0.37	0	13
46	1	3	1	0.8	1	13
47	2	2	1	0.62	0	13
48	2	1	1	0.11	1	13
49	3	2	0	0.5	1	13
50	3	2	0	0.63	1	13
51	2	3	1	0.89	0	13
52	1	3	1	0.71	0	13
53	2	1	1	0.19	1	13
54	2	2	1	0.46	0	13
55	3	1	0	0.07	0	13
56	3	2	0	0.55	1	13
57	2	3	1	0.67	1	13
58	2	1	1	0.25	0	13
59	3	1	0	0.28	1	13
60	1	1	1	0.32	0	13
61	3	3	1	0.68	1	13
62	1	1	1	0.07	0	13
63	2	2	1	0.54	1	13
64	2	3	1	0.75	1	13
65	1	1	1	0.23	0	13
66	1	2	1	0.5	0	13
67	3	1	0	0.14	1	13
68	2	1	0	0.32	0	13
69	1	2	1	0.45	0	13
70	2	2	1	0.38	1	13
71	3	3	0	0.76	1	13
72	1	1	1	0.16	0	13
73	3	2	0	0.39	1	13
74	2	1	1	0.24	1	13
75	2	3	1	0.86	0	13
76	1	2	1	0.56	0	13
77	3	3	1	0.81	1	13
78	2	3	1	0.94	0	13
79	2	2	1	0.51	1	13
80	3	1	0	0.33	1	13
81	1	2	1	0.42	0	13
82	1	3	1	0.69	0	13
83	2	3	1	0.72	0	13
84	1	1	1	0.12	0	13
85	3	2	0	0.55	1	13
86	1	1	1	0.21	0	13
87	3	2	0	0.47	1	13
88	3	1	0	0.12	1	13
89	2	1	1	0.17	1	13
90	1	2	1	0.64	0	13
91	1	1	1	0.05	0	13
92	1	3	1	0.85	0	13
93	1	1	1	0.29	0	13
94	1	3	1	0.77	1	13
95	3	1	0	0.17	1	13
96	2	3	1	0.78	1	13
97	2	2	1	0.43	1	13
98	3	3	0	0.65	1	13
99	3	3	1	0.73	0	13
100	2	1	1	0.3	0	13
101	1	3	1	0.9	0	13
102	3	1	0	0.26	1	13
103	1	2	1	0.48	0	13
104	2	1	1	0.08	0	13
105	3	3	0	0.9	1	13
106	2	2	1	0.6	1	13
107	2	2	1	0.35	0	13
108	3	2	0	0.6	1	13
1	1	2	1	0.53	0	15
2	2	1	0	0.13	0	15
3	2	3	1	0.91	1	15
4	3	1	0	0.15	1	15
5	1	2	1	0.61	0	15
6	3	1	0	0.31	1	15
7	3	3	1	0.79	1	15
8	1	1	1	0.1	0	15
9	3	2	0	0.58	1	15
10	3	2	0	0.36	1	15
11	1	3	1	0.82	0	15
12	3	1	0	0.22	1	15
13	3	3	0	0.87	0	15
14	1	2	1	0.45	0	15
15	2	3	1	0.7	0	15
16	1	1	1	0.27	0	15
17	2	2	1	0.4	0	15
18	1	1	1	0.18	0	15
19	1	3	1	0.74	0	15
20	3	2	0	0.52	1	15
21	1	1	1	0.34	0	15
22	3	3	1	0.7	1	15
23	2	2	0	0.65	0	15
24	2	2	0	0.49	1	15
25	2	2	1	0.57	0	15
26	2	1	1	0.22	1	15
27	1	2	1	0.4	1	15
28	2	1	0	0.27	1	15
29	1	3	1	0.88	0	15
30	3	1	0	0.09	1	15
31	3	2	0	0.44	1	15
32	3	3	1	0.95	1	15
33	2	3	0	0.75	1	15
34	2	1	0	0.06	1	15
35	2	3	1	0.83	0	15
36	1	3	1	0.66	0	15
37	3	3	1	0.84	1	15
38	1	3	1	0.93	0	15
39	3	1	0	0.2	1	15
40	3	2	0	0.41	1	15
41	1	2	1	0.59	0	15
42	1	3	1	0.85	0	15
43	3	3	1	0.92	1	15
44	2	3	1	0.8	0	15
45	1	2	1	0.37	0	15
46	1	3	1	0.8	1	15
47	2	2	1	0.62	0	15
48	2	1	0	0.11	1	15
49	3	2	0	0.5	1	15
50	3	2	1	0.63	1	15
51	2	3	1	0.89	0	15
52	1	3	1	0.71	0	15
53	2	1	0	0.19	1	15
54	2	2	0	0.46	0	15
55	3	1	0	0.07	0	15
56	3	2	0	0.55	1	15
57	2	3	1	0.67	1	15
58	2	1	0	0.25	0	15
59	3	1	0	0.28	1	15
60	1	1	1	0.32	0	15
61	3	3	0	0.68	1	15
62	1	1	1	0.07	0	15
63	2	2	0	0.54	1	15
64	2	3	1	0.75	1	15
65	1	1	1	0.23	0	15
66	1	2	1	0.5	0	15
67	3	1	0	0.14	1	15
68	2	1	0	0.32	0	15
69	1	2	1	0.45	0	15
70	2	2	1	0.38	1	15
71	3	3	1	0.76	1	15
72	1	1	1	0.16	0	15
73	3	2	0	0.39	1	15
74	2	1	0	0.24	1	15
75	2	3	1	0.86	0	15
76	1	2	1	0.56	0	15
77	3	3	0	0.81	1	15
78	2	3	1	0.94	0	15
79	2	2	0	0.51	1	15
80	3	1	0	0.33	1	15
81	1	2	1	0.42	0	15
82	1	3	1	0.69	0	15
83	2	3	1	0.72	0	15
84	1	1	1	0.12	0	15
85	3	2	0	0.55	1	15
86	1	1	1	0.21	0	15
87	3	2	1	0.47	1	15
88	3	1	0	0.12	1	15
89	2	1	0	0.17	1	15
90	1	2	0	0.64	0	15
91	1	1	0	0.05	0	15
92	1	3	1	0.85	0	15
93	1	1	1	0.29	0	15
94	1	3	1	0.77	1	15
95	3	1	0	0.17	1	15
96	2	3	1	0.78	1	15
97	2	2	0	0.43	1	15
98	3	3	0	0.65	1	15
99	3	3	0	0.73	0	15
100	2	1	0	0.3	0	15
101	1	3	1	0.9	0	15
102	3	1	0	0.26	1	15
103	1	2	1	0.48	0	15
104	2	1	0	0.08	0	15
105	3	3	1	0.9	1	15
106	2	2	0	0.6	1	15
107	2	2	0	0.35	0	15
108	3	2	0	0.6	1	15
1	1	2	1	0.53	0	16
2	2	1	0	0.13	0	16
3	2	3	0	0.91	1	16
4	3	1	0	0.15	1	16
5	1	2	1	0.61	0	16
6	3	1	0	0.31	1	16
7	3	3	0	0.79	1	16
8	1	1	1	0.1	0	16
9	3	2	0	0.58	1	16
10	3	2	0	0.36	1	16
11	1	3	1	0.82	0	16
12	3	1	0	0.22	1	16
13	3	3	1	0.87	0	16
14	1	2	1	0.45	0	16
15	2	3	0	0.7	0	16
16	1	1	1	0.27	0	16
17	2	2	1	0.4	0	16
18	1	1	1	0.18	0	16
19	1	3	1	0.74	0	16
20	3	2	0	0.52	1	16
21	1	1	1	0.34	0	16
22	3	3	0	0.7	1	16
23	2	2	0	0.65	0	16
24	2	2	0	0.49	1	16
25	2	2	0	0.57	0	16
26	2	1	0	0.22	1	16
27	1	2	1	0.4	1	16
28	2	1	0	0.27	1	16
29	1	3	1	0.88	0	16
30	3	1	0	0.09	1	16
31	3	2	0	0.44	1	16
32	3	3	0	0.95	1	16
33	2	3	0	0.75	1	16
34	2	1	0	0.06	1	16
35	2	3	1	0.83	0	16
36	1	3	1	0.66	0	16
37	3	3	0	0.84	1	16
38	1	3	1	0.93	0	16
39	3	1	0	0.2	1	16
40	3	2	0	0.41	1	16
41	1	2	1	0.59	0	16
42	1	3	1	0.85	0	16
43	3	3	0	0.92	1	16
44	2	3	0	0.8	0	16
45	1	2	1	0.37	0	16
46	1	3	1	0.8	1	16
47	2	2	0	0.62	0	16
48	2	1	0	0.11	1	16
49	3	2	0	0.5	1	16
50	3	2	0	0.63	1	16
51	2	3	0	0.89	0	16
52	1	3	1	0.71	0	16
53	2	1	0	0.19	1	16
54	2	2	0	0.46	0	16
55	3	1	0	0.07	0	16
56	3	2	0	0.55	1	16
57	2	3	0	0.67	1	16
58	2	1	0	0.25	0	16
59	3	1	0	0.28	1	16
60	1	1	1	0.32	0	16
61	3	3	0	0.68	1	16
62	1	1	1	0.07	0	16
63	2	2	0	0.54	1	16
64	2	3	0	0.75	1	16
65	1	1	1	0.23	0	16
66	1	2	1	0.5	0	16
67	3	1	0	0.14	1	16
68	2	1	0	0.32	0	16
69	1	2	1	0.45	0	16
70	2	2	0	0.38	1	16
71	3	3	1	0.76	1	16
72	1	1	1	0.16	0	16
73	3	2	0	0.39	1	16
74	2	1	0	0.24	1	16
75	2	3	0	0.86	0	16
76	1	2	1	0.56	0	16
77	3	3	1	0.81	1	16
78	2	3	1	0.94	0	16
79	2	2	0	0.51	1	16
80	3	1	0	0.33	1	16
81	1	2	1	0.42	0	16
82	1	3	1	0.69	0	16
83	2	3	0	0.72	0	16
84	1	1	1	0.12	0	16
85	3	2	0	0.55	1	16
86	1	1	1	0.21	0	16
87	3	2	0	0.47	1	16
88	3	1	0	0.12	1	16
89	2	1	0	0.17	1	16
90	1	2	1	0.64	0	16
91	1	1	1	0.05	0	16
92	1	3	1	0.85	0	16
93	1	1	1	0.29	0	16
94	1	3	1	0.77	1	16
95	3	1	0	0.17	1	16
96	2	3	0	0.78	1	16
97	2	2	0	0.43	1	16
98	3	3	0	0.65	1	16
99	3	3	0	0.73	0	16
100	2	1	0	0.3	0	16
101	1	3	1	0.9	0	16
102	3	1	0	0.26	1	16
103	1	2	1	0.48	0	16
104	2	1	0	0.08	0	16
105	3	3	1	0.9	1	16
106	2	2	1	0.6	1	16
108	3	2	0	0.6	1	16
1	1	2	1	0.53	0	17
2	2	1	0	0.13	0	17
3	2	3	1	0.91	1	17
4	3	1	0	0.15	1	17
5	1	2	1	0.61	0	17
6	3	1	0	0.31	1	17
7	3	3	1	0.79	1	17
8	1	1	1	0.1	0	17
9	3	2	0	0.58	1	17
10	3	2	0	0.36	1	17
11	1	3	1	0.82	0	17
12	3	1	0	0.22	1	17
13	3	3	1	0.87	0	17
14	1	2	1	0.45	0	17
15	2	3	1	0.7	0	17
16	1	1	1	0.27	0	17
17	2	2	1	0.4	0	17
18	1	1	1	0.18	0	17
19	1	3	1	0.74	0	17
20	3	2	0	0.52	1	17
21	1	1	1	0.34	0	17
22	3	3	1	0.7	1	17
23	2	2	0	0.65	0	17
24	2	2	1	0.49	1	17
25	2	2	1	0.57	0	17
26	2	1	0	0.22	1	17
27	1	2	0	0.4	1	17
28	2	1	0	0.27	1	17
29	1	3	1	0.88	0	17
30	3	1	0	0.09	1	17
31	3	2	0	0.44	1	17
32	3	3	0	0.95	1	17
33	2	3	1	0.75	1	17
34	2	1	0	0.06	1	17
35	2	3	1	0.83	0	17
36	1	3	1	0.66	0	17
37	3	3	0	0.84	1	17
39	3	1	0	0.2	1	17
40	3	2	0	0.41	1	17
41	1	2	1	0.59	0	17
42	1	3	1	0.85	0	17
43	3	3	1	0.92	1	17
44	2	3	1	0.8	0	17
45	1	2	1	0.37	0	17
46	1	3	1	0.8	1	17
47	2	2	1	0.62	0	17
48	2	1	0	0.11	1	17
49	3	2	0	0.5	1	17
50	3	2	0	0.63	1	17
51	2	3	1	0.89	0	17
52	1	3	1	0.71	0	17
53	2	1	0	0.19	1	17
54	2	2	1	0.46	0	17
55	3	1	0	0.07	0	17
56	3	2	0	0.55	1	17
57	2	3	1	0.67	1	17
58	2	1	1	0.25	0	17
59	3	1	0	0.28	1	17
60	1	1	0	0.32	0	17
61	3	3	0	0.68	1	17
62	1	1	1	0.07	0	17
63	2	2	0	0.54	1	17
64	2	3	1	0.75	1	17
65	1	1	1	0.23	0	17
66	1	2	1	0.5	0	17
67	3	1	0	0.14	1	17
68	2	1	0	0.32	0	17
70	2	2	1	0.38	1	17
71	3	3	0	0.76	1	17
72	1	1	1	0.16	0	17
73	3	2	0	0.39	1	17
74	2	1	0	0.24	1	17
75	2	3	1	0.86	0	17
76	1	2	1	0.56	0	17
77	3	3	1	0.81	1	17
78	2	3	1	0.94	0	17
79	2	2	0	0.51	1	17
80	3	1	0	0.33	1	17
81	1	2	1	0.42	0	17
82	1	3	1	0.69	0	17
83	2	3	1	0.72	0	17
84	1	1	1	0.12	0	17
85	3	2	0	0.55	1	17
86	1	1	0	0.21	0	17
88	3	1	0	0.12	1	17
89	2	1	1	0.17	1	17
90	1	2	1	0.64	0	17
91	1	1	0	0.05	0	17
92	1	3	1	0.85	0	17
93	1	1	1	0.29	0	17
94	1	3	1	0.77	1	17
95	3	1	0	0.17	1	17
96	2	3	1	0.78	1	17
97	2	2	0	0.43	1	17
98	3	3	0	0.65	1	17
99	3	3	0	0.73	0	17
100	2	1	0	0.3	0	17
102	3	1	0	0.26	1	17
103	1	2	1	0.48	0	17
104	2	1	0	0.08	0	17
105	3	3	0	0.9	1	17
106	2	2	0	0.6	1	17
107	2	2	0	0.35	0	17
108	3	2	0	0.6	1	17
1	1	2	1	0.53	0	18
2	2	1	0	0.13	0	18
3	2	3	1	0.91	1	18
4	3	1	0	0.15	1	18
5	1	2	1	0.61	0	18
6	3	1	0	0.31	1	18
7	3	3	1	0.79	1	18
8	1	1	1	0.1	0	18
9	3	2	1	0.58	1	18
10	3	2	0	0.36	1	18
11	1	3	1	0.82	0	18
12	3	1	0	0.22	1	18
13	3	3	1	0.87	0	18
14	1	2	1	0.45	0	18
15	2	3	1	0.7	0	18
16	1	1	1	0.27	0	18
17	2	2	0	0.4	0	18
18	1	1	1	0.18	0	18
19	1	3	1	0.74	0	18
20	3	2	1	0.52	1	18
21	1	1	1	0.34	0	18
22	3	3	1	0.7	1	18
23	2	2	1	0.65	0	18
24	2	2	0	0.49	1	18
25	2	2	1	0.57	0	18
26	2	1	0	0.22	1	18
27	1	2	1	0.4	1	18
28	2	1	0	0.27	1	18
29	1	3	1	0.88	0	18
30	3	1	0	0.09	1	18
31	3	2	1	0.44	1	18
32	3	3	1	0.95	1	18
33	2	3	1	0.75	1	18
34	2	1	0	0.06	1	18
35	2	3	1	0.83	0	18
36	1	3	1	0.66	0	18
37	3	3	1	0.84	1	18
38	1	3	1	0.93	0	18
40	3	2	1	0.41	1	18
41	1	2	1	0.59	0	18
42	1	3	1	0.85	0	18
43	3	3	1	0.92	1	18
44	2	3	1	0.8	0	18
45	1	2	1	0.37	0	18
46	1	3	1	0.8	1	18
47	2	2	1	0.62	0	18
48	2	1	0	0.11	1	18
49	3	2	1	0.5	1	18
52	1	3	1	0.71	0	18
53	2	1	0	0.19	1	18
54	2	2	1	0.46	0	18
55	3	1	0	0.07	0	18
56	3	2	1	0.55	1	18
57	2	3	1	0.67	1	18
58	2	1	1	0.25	0	18
59	3	1	0	0.28	1	18
60	1	1	1	0.32	0	18
61	3	3	1	0.68	1	18
64	2	3	1	0.75	1	18
65	1	1	1	0.23	0	18
66	1	2	1	0.5	0	18
67	3	1	0	0.14	1	18
68	2	1	0	0.32	0	18
70	2	2	1	0.38	1	18
72	1	1	0	0.16	0	18
73	3	2	1	0.39	1	18
75	2	3	1	0.86	0	18
76	1	2	1	0.56	0	18
77	3	3	1	0.81	1	18
78	2	3	1	0.94	0	18
86	1	1	1	0.21	0	18
87	3	2	0	0.47	1	18
88	3	1	0	0.12	1	18
91	1	1	1	0.05	0	18
95	3	1	0	0.17	1	18
96	2	3	1	0.78	1	18
97	2	2	0	0.43	1	18
99	3	3	1	0.73	0	18
103	1	2	1	0.48	0	18
104	2	1	0	0.08	0	18
105	3	3	1	0.9	1	18
106	2	2	1	0.6	1	18
107	2	2	1	0.35	0	18
1	1	2	1	0.53	0	19
2	2	1	0	0.13	0	19
3	2	3	1	0.91	1	19
4	3	1	0	0.15	1	19
5	1	2	1	0.61	0	19
6	3	1	0	0.31	1	19
7	3	3	0	0.79	1	19
8	1	1	1	0.1	0	19
9	3	2	0	0.58	1	19
10	3	2	0	0.36	1	19
11	1	3	1	0.82	0	19
12	3	1	0	0.22	1	19
13	3	3	1	0.87	0	19
14	1	2	1	0.45	0	19
15	2	3	1	0.7	0	19
16	1	1	1	0.27	0	19
17	2	2	0	0.4	0	19
18	1	1	1	0.18	0	19
19	1	3	1	0.74	0	19
20	3	2	0	0.52	1	19
21	1	1	1	0.34	0	19
22	3	3	1	0.7	1	19
23	2	2	1	0.65	0	19
24	2	2	0	0.49	1	19
25	2	2	1	0.57	0	19
26	2	1	1	0.22	1	19
27	1	2	1	0.4	1	19
28	2	1	0	0.27	1	19
29	1	3	1	0.88	0	19
30	3	1	0	0.09	1	19
31	3	2	0	0.44	1	19
32	3	3	0	0.95	1	19
33	2	3	1	0.75	1	19
34	2	1	0	0.06	1	19
35	2	3	1	0.83	0	19
36	1	3	1	0.66	0	19
37	3	3	0	0.84	1	19
38	1	3	1	0.93	0	19
39	3	1	0	0.2	1	19
40	3	2	0	0.41	1	19
41	1	2	1	0.59	0	19
42	1	3	1	0.85	0	19
43	3	3	0	0.92	1	19
44	2	3	1	0.8	0	19
45	1	2	1	0.37	0	19
46	1	3	1	0.8	1	19
47	2	2	0	0.62	0	19
48	2	1	0	0.11	1	19
49	3	2	0	0.5	1	19
50	3	2	0	0.63	1	19
51	2	3	1	0.89	0	19
52	1	3	1	0.71	0	19
53	2	1	1	0.19	1	19
54	2	2	1	0.46	0	19
55	3	1	0	0.07	0	19
56	3	2	0	0.55	1	19
57	2	3	0	0.67	1	19
58	2	1	1	0.25	0	19
59	3	1	0	0.28	1	19
60	1	1	1	0.32	0	19
61	3	3	0	0.68	1	19
62	1	1	1	0.07	0	19
63	2	2	0	0.54	1	19
64	2	3	1	0.75	1	19
65	1	1	1	0.23	0	19
66	1	2	1	0.5	0	19
67	3	1	0	0.14	1	19
68	2	1	0	0.32	0	19
69	1	2	1	0.45	0	19
70	2	2	0	0.38	1	19
71	3	3	0	0.76	1	19
72	1	1	1	0.16	0	19
73	3	2	0	0.39	1	19
74	2	1	0	0.24	1	19
75	2	3	1	0.86	0	19
76	1	2	1	0.56	0	19
77	3	3	0	0.81	1	19
78	2	3	1	0.94	0	19
79	2	2	1	0.51	1	19
80	3	1	0	0.33	1	19
81	1	2	1	0.42	0	19
82	1	3	1	0.69	0	19
83	2	3	1	0.72	0	19
84	1	1	1	0.12	0	19
85	3	2	0	0.55	1	19
86	1	1	1	0.21	0	19
87	3	2	0	0.47	1	19
88	3	1	0	0.12	1	19
89	2	1	0	0.17	1	19
90	1	2	1	0.64	0	19
91	1	1	1	0.05	0	19
92	1	3	1	0.85	0	19
93	1	1	1	0.29	0	19
94	1	3	1	0.77	1	19
95	3	1	0	0.17	1	19
96	2	3	1	0.78	1	19
97	2	2	1	0.43	1	19
98	3	3	1	0.65	1	19
99	3	3	0	0.73	0	19
100	2	1	0	0.3	0	19
101	1	3	1	0.9	0	19
102	3	1	1	0.26	1	19
103	1	2	1	0.48	0	19
104	2	1	0	0.08	0	19
105	3	3	0	0.9	1	19
106	2	2	1	0.6	1	19
107	2	2	1	0.35	0	19
108	3	2	0	0.6	1	19
1	1	2	1	0.53	0	20
2	2	1	0	0.13	0	20
3	2	3	0	0.91	1	20
4	3	1	0	0.15	1	20
5	1	2	1	0.61	0	20
6	3	1	0	0.31	1	20
7	3	3	0	0.79	1	20
8	1	1	1	0.1	0	20
9	3	2	0	0.58	1	20
10	3	2	0	0.36	1	20
11	1	3	1	0.82	0	20
12	3	1	0	0.22	1	20
13	3	3	0	0.87	0	20
14	1	2	1	0.45	0	20
15	2	3	0	0.7	0	20
16	1	1	1	0.27	0	20
17	2	2	1	0.4	0	20
18	1	1	1	0.18	0	20
19	1	3	1	0.74	0	20
20	3	2	0	0.52	1	20
21	1	1	1	0.34	0	20
22	3	3	0	0.7	1	20
23	2	2	1	0.65	0	20
24	2	2	1	0.49	1	20
25	2	2	0	0.57	0	20
26	2	1	0	0.22	1	20
27	1	2	1	0.4	1	20
28	2	1	0	0.27	1	20
29	1	3	1	0.88	0	20
30	3	1	0	0.09	1	20
31	3	2	0	0.44	1	20
32	3	3	0	0.95	1	20
33	2	3	1	0.75	1	20
34	2	1	0	0.06	1	20
35	2	3	0	0.83	0	20
36	1	3	1	0.66	0	20
37	3	3	0	0.84	1	20
38	1	3	1	0.93	0	20
39	3	1	0	0.2	1	20
40	3	2	0	0.41	1	20
41	1	2	1	0.59	0	20
42	1	3	1	0.85	0	20
43	3	3	0	0.92	1	20
44	2	3	0	0.8	0	20
45	1	2	1	0.37	0	20
46	1	3	1	0.8	1	20
47	2	2	0	0.62	0	20
48	2	1	1	0.11	1	20
49	3	2	0	0.5	1	20
50	3	2	0	0.63	1	20
51	2	3	1	0.89	0	20
52	1	3	1	0.71	0	20
53	2	1	0	0.19	1	20
54	2	2	0	0.46	0	20
55	3	1	0	0.07	0	20
56	3	2	0	0.55	1	20
57	2	3	0	0.67	1	20
58	2	1	0	0.25	0	20
59	3	1	0	0.28	1	20
60	1	1	1	0.32	0	20
61	3	3	0	0.68	1	20
62	1	1	1	0.07	0	20
63	2	2	0	0.54	1	20
64	2	3	0	0.75	1	20
65	1	1	1	0.23	0	20
66	1	2	1	0.5	0	20
67	3	1	0	0.14	1	20
68	2	1	0	0.32	0	20
69	1	2	1	0.45	0	20
70	2	2	0	0.38	1	20
71	3	3	0	0.76	1	20
72	1	1	1	0.16	0	20
73	3	2	0	0.39	1	20
74	2	1	0	0.24	1	20
75	2	3	0	0.86	0	20
76	1	2	1	0.56	0	20
77	3	3	0	0.81	1	20
78	2	3	1	0.94	0	20
79	2	2	0	0.51	1	20
80	3	1	0	0.33	1	20
81	1	2	1	0.42	0	20
82	1	3	1	0.69	0	20
83	2	3	0	0.72	0	20
84	1	1	1	0.12	0	20
85	3	2	0	0.55	1	20
86	1	1	1	0.21	0	20
87	3	2	0	0.47	1	20
88	3	1	0	0.12	1	20
89	2	1	0	0.17	1	20
90	1	2	1	0.64	0	20
91	1	1	1	0.05	0	20
92	1	3	1	0.85	0	20
93	1	1	1	0.29	0	20
94	1	3	1	0.77	1	20
95	3	1	0	0.17	1	20
96	2	3	1	0.78	1	20
97	2	2	0	0.43	1	20
98	3	3	0	0.65	1	20
99	3	3	0	0.73	0	20
100	2	1	0	0.3	0	20
101	1	3	1	0.9	0	20
102	3	1	0	0.26	1	20
103	1	2	1	0.48	0	20
104	2	1	0	0.08	0	20
105	3	3	0	0.9	1	20
106	2	2	0	0.6	1	20
107	2	2	1	0.35	0	20
108	3	2	0	0.6	1	20
1	1	2	1	0.53	0	21
2	2	1	1	0.13	0	21
3	2	3	1	0.91	1	21
4	3	1	0	0.15	1	21
5	1	2	1	0.61	0	21
6	3	1	0	0.31	1	21
7	3	3	0	0.79	1	21
8	1	1	1	0.1	0	21
9	3	2	0	0.58	1	21
10	3	2	0	0.36	1	21
11	1	3	1	0.82	0	21
12	3	1	0	0.22	1	21
13	3	3	0	0.87	0	21
14	1	2	1	0.45	0	21
15	2	3	1	0.7	0	21
16	1	1	1	0.27	0	21
17	2	2	1	0.4	0	21
18	1	1	1	0.18	0	21
19	1	3	1	0.74	0	21
20	3	2	0	0.52	1	21
21	1	1	1	0.34	0	21
22	3	3	1	0.7	1	21
23	2	2	1	0.65	0	21
24	2	2	1	0.49	1	21
25	2	2	1	0.57	0	21
26	2	1	1	0.22	1	21
27	1	2	1	0.4	1	21
28	2	1	0	0.27	1	21
29	1	3	1	0.88	0	21
30	3	1	0	0.09	1	21
31	3	2	0	0.44	1	21
32	3	3	0	0.95	1	21
33	2	3	0	0.75	1	21
34	2	1	1	0.06	1	21
35	2	3	1	0.83	0	21
36	1	3	1	0.66	0	21
37	3	3	1	0.84	1	21
38	1	3	1	0.93	0	21
39	3	1	0	0.2	1	21
40	3	2	0	0.41	1	21
41	1	2	1	0.59	0	21
42	1	3	1	0.85	0	21
43	3	3	0	0.92	1	21
44	2	3	1	0.8	0	21
45	1	2	1	0.37	0	21
46	1	3	1	0.8	1	21
47	2	2	1	0.62	0	21
48	2	1	1	0.11	1	21
49	3	2	0	0.5	1	21
50	3	2	0	0.63	1	21
51	2	3	1	0.89	0	21
52	1	3	1	0.71	0	21
53	2	1	0	0.19	1	21
54	2	2	1	0.46	0	21
55	3	1	0	0.07	0	21
56	3	2	0	0.55	1	21
57	2	3	1	0.67	1	21
58	2	1	1	0.25	0	21
59	3	1	0	0.28	1	21
60	1	1	1	0.32	0	21
61	3	3	0	0.68	1	21
62	1	1	0	0.07	0	21
63	2	2	1	0.54	1	21
64	2	3	1	0.75	1	21
65	1	1	1	0.23	0	21
66	1	2	1	0.5	0	21
67	3	1	0	0.14	1	21
68	2	1	1	0.32	0	21
69	1	2	1	0.45	0	21
70	2	2	1	0.38	1	21
71	3	3	0	0.76	1	21
72	1	1	0	0.16	0	21
73	3	2	0	0.39	1	21
74	2	1	0	0.24	1	21
75	2	3	1	0.86	0	21
76	1	2	1	0.56	0	21
77	3	3	1	0.81	1	21
78	2	3	1	0.94	0	21
79	2	2	0	0.51	1	21
80	3	1	0	0.33	1	21
81	1	2	1	0.42	0	21
83	2	3	1	0.72	0	21
84	1	1	1	0.12	0	21
85	3	2	0	0.55	1	21
86	1	1	1	0.21	0	21
87	3	2	0	0.47	1	21
88	3	1	0	0.12	1	21
89	2	1	1	0.17	1	21
90	1	2	1	0.64	0	21
91	1	1	1	0.05	0	21
92	1	3	1	0.85	0	21
93	1	1	1	0.29	0	21
94	1	3	1	0.77	1	21
95	3	1	0	0.17	1	21
96	2	3	1	0.78	1	21
97	2	2	1	0.43	1	21
98	3	3	0	0.65	1	21
99	3	3	0	0.73	0	21
100	2	1	1	0.3	0	21
101	1	3	1	0.9	0	21
102	3	1	0	0.26	1	21
103	1	2	1	0.48	0	21
104	2	1	1	0.08	0	21
105	3	3	1	0.9	1	21
106	2	2	1	0.6	1	21
107	2	2	1	0.35	0	21
108	3	2	0	0.6	1	21
1	1	2	1	0.53	0	22
2	2	1	0	0.13	0	22
3	2	3	1	0.91	1	22
4	3	1	0	0.15	1	22
5	1	2	1	0.61	0	22
6	3	1	0	0.31	1	22
7	3	3	1	0.79	1	22
8	1	1	0	0.1	0	22
9	3	2	0	0.58	1	22
10	3	2	0	0.36	1	22
11	1	3	1	0.82	0	22
12	3	1	0	0.22	1	22
13	3	3	1	0.87	0	22
14	1	2	1	0.45	0	22
15	2	3	1	0.7	0	22
16	1	1	1	0.27	0	22
17	2	2	1	0.4	0	22
18	1	1	1	0.18	0	22
19	1	3	1	0.74	0	22
20	3	2	0	0.52	1	22
21	1	1	1	0.34	0	22
22	3	3	1	0.7	1	22
23	2	2	1	0.65	0	22
24	2	2	1	0.49	1	22
25	2	2	1	0.57	0	22
26	2	1	1	0.22	1	22
27	1	2	1	0.4	1	22
28	2	1	0	0.27	1	22
29	1	3	1	0.88	0	22
30	3	1	0	0.09	1	22
31	3	2	1	0.44	1	22
32	3	3	1	0.95	1	22
33	2	3	1	0.75	1	22
34	2	1	1	0.06	1	22
35	2	3	1	0.83	0	22
36	1	3	1	0.66	0	22
37	3	3	1	0.84	1	22
38	1	3	1	0.93	0	22
39	3	1	0	0.2	1	22
40	3	2	0	0.41	1	22
41	1	2	1	0.59	0	22
42	1	3	1	0.85	0	22
43	3	3	1	0.92	1	22
44	2	3	1	0.8	0	22
45	1	2	1	0.37	0	22
46	1	3	1	0.8	1	22
47	2	2	1	0.62	0	22
48	2	1	1	0.11	1	22
49	3	2	1	0.5	1	22
50	3	2	1	0.63	1	22
51	2	3	0	0.89	0	22
52	1	3	1	0.71	0	22
53	2	1	0	0.19	1	22
54	2	2	1	0.46	0	22
55	3	1	0	0.07	0	22
56	3	2	0	0.55	1	22
57	2	3	1	0.67	1	22
58	2	1	1	0.25	0	22
59	3	1	0	0.28	1	22
60	1	1	0	0.32	0	22
61	3	3	1	0.68	1	22
62	1	1	0	0.07	0	22
63	2	2	0	0.54	1	22
64	2	3	1	0.75	1	22
65	1	1	1	0.23	0	22
66	1	2	1	0.5	0	22
67	3	1	1	0.14	1	22
68	2	1	1	0.32	0	22
69	1	2	0	0.45	0	22
70	2	2	1	0.38	1	22
71	3	3	1	0.76	1	22
72	1	1	1	0.16	0	22
73	3	2	0	0.39	1	22
74	2	1	0	0.24	1	22
75	2	3	1	0.86	0	22
76	1	2	1	0.56	0	22
77	3	3	0	0.81	1	22
78	2	3	1	0.94	0	22
79	2	2	0	0.51	1	22
80	3	1	0	0.33	1	22
81	1	2	1	0.42	0	22
82	1	3	1	0.69	0	22
83	2	3	1	0.72	0	22
84	1	1	1	0.12	0	22
85	3	2	0	0.55	1	22
86	1	1	1	0.21	0	22
87	3	2	1	0.47	1	22
88	3	1	1	0.12	1	22
89	2	1	0	0.17	1	22
90	1	2	1	0.64	0	22
91	1	1	0	0.05	0	22
92	1	3	1	0.85	0	22
93	1	1	0	0.29	0	22
94	1	3	1	0.77	1	22
95	3	1	0	0.17	1	22
96	2	3	1	0.78	1	22
97	2	2	0	0.43	1	22
98	3	3	1	0.65	1	22
99	3	3	1	0.73	0	22
100	2	1	0	0.3	0	22
101	1	3	1	0.9	0	22
102	3	1	0	0.26	1	22
103	1	2	1	0.48	0	22
104	2	1	1	0.08	0	22
105	3	3	1	0.9	1	22
106	2	2	1	0.6	1	22
107	2	2	1	0.35	0	22
108	3	2	0	0.6	1	22
1	1	2	1	0.53	0	23
2	2	1	0	0.13	0	23
3	2	3	0	0.91	1	23
4	3	1	0	0.15	1	23
5	1	2	1	0.61	0	23
6	3	1	0	0.31	1	23
7	3	3	0	0.79	1	23
8	1	1	1	0.1	0	23
9	3	2	0	0.58	1	23
10	3	2	0	0.36	1	23
11	1	3	1	0.82	0	23
12	3	1	0	0.22	1	23
13	3	3	0	0.87	0	23
14	1	2	1	0.45	0	23
15	2	3	0	0.7	0	23
16	1	1	1	0.27	0	23
17	2	2	1	0.4	0	23
18	1	1	1	0.18	0	23
19	1	3	1	0.74	0	23
20	3	2	0	0.52	1	23
21	1	1	1	0.34	0	23
22	3	3	0	0.7	1	23
23	2	2	1	0.65	0	23
24	2	2	0	0.49	1	23
25	2	2	0	0.57	0	23
26	2	1	1	0.22	1	23
27	1	2	1	0.4	1	23
28	2	1	0	0.27	1	23
29	1	3	0	0.88	0	23
30	3	1	0	0.09	1	23
31	3	2	0	0.44	1	23
32	3	3	0	0.95	1	23
33	2	3	1	0.75	1	23
34	2	1	1	0.06	1	23
35	2	3	1	0.83	0	23
36	1	3	1	0.66	0	23
37	3	3	0	0.84	1	23
38	1	3	1	0.93	0	23
39	3	1	0	0.2	1	23
40	3	2	0	0.41	1	23
41	1	2	1	0.59	0	23
42	1	3	1	0.85	0	23
43	3	3	0	0.92	1	23
44	2	3	1	0.8	0	23
45	1	2	1	0.37	0	23
46	1	3	1	0.8	1	23
47	2	2	1	0.62	0	23
48	2	1	1	0.11	1	23
49	3	2	0	0.5	1	23
50	3	2	0	0.63	1	23
51	2	3	1	0.89	0	23
52	1	3	1	0.71	0	23
53	2	1	0	0.19	1	23
54	2	2	1	0.46	0	23
55	3	1	0	0.07	0	23
56	3	2	0	0.55	1	23
57	2	3	1	0.67	1	23
58	2	1	0	0.25	0	23
59	3	1	0	0.28	1	23
60	1	1	1	0.32	0	23
61	3	3	1	0.68	1	23
62	1	1	0	0.07	0	23
63	2	2	1	0.54	1	23
64	2	3	1	0.75	1	23
65	1	1	0	0.23	0	23
66	1	2	1	0.5	0	23
67	3	1	0	0.14	1	23
68	2	1	1	0.32	0	23
70	2	2	1	0.38	1	23
71	3	3	0	0.76	1	23
72	1	1	1	0.16	0	23
73	3	2	1	0.39	1	23
74	2	1	0	0.24	1	23
75	2	3	1	0.86	0	23
76	1	2	1	0.56	0	23
77	3	3	1	0.81	1	23
78	2	3	0	0.94	0	23
79	2	2	1	0.51	1	23
80	3	1	0	0.33	1	23
81	1	2	1	0.42	0	23
82	1	3	1	0.69	0	23
83	2	3	1	0.72	0	23
84	1	1	1	0.12	0	23
85	3	2	0	0.55	1	23
86	1	1	1	0.21	0	23
87	3	2	0	0.47	1	23
88	3	1	0	0.12	1	23
89	2	1	1	0.17	1	23
90	1	2	1	0.64	0	23
91	1	1	1	0.05	0	23
92	1	3	1	0.85	0	23
93	1	1	1	0.29	0	23
94	1	3	1	0.77	1	23
95	3	1	0	0.17	1	23
96	2	3	1	0.78	1	23
97	2	2	0	0.43	1	23
98	3	3	0	0.65	1	23
99	3	3	1	0.73	0	23
100	2	1	0	0.3	0	23
101	1	3	1	0.9	0	23
102	3	1	0	0.26	1	23
103	1	2	0	0.48	0	23
104	2	1	1	0.08	0	23
105	3	3	0	0.9	1	23
106	2	2	1	0.6	1	23
107	2	2	1	0.35	0	23
108	3	2	0	0.6	1	23
1	1	2	1	0.53	0	24
2	2	1	1	0.13	0	24
3	2	3	1	0.91	1	24
4	3	1	0	0.15	1	24
5	1	2	1	0.61	0	24
6	3	1	0	0.31	1	24
7	3	3	0	0.79	1	24
8	1	1	1	0.1	0	24
9	3	2	0	0.58	1	24
10	3	2	0	0.36	1	24
11	1	3	1	0.82	0	24
12	3	1	0	0.22	1	24
13	3	3	0	0.87	0	24
14	1	2	1	0.45	0	24
15	2	3	1	0.7	0	24
16	1	1	1	0.27	0	24
17	2	2	1	0.4	0	24
18	1	1	1	0.18	0	24
19	1	3	1	0.74	0	24
20	3	2	0	0.52	1	24
21	1	1	1	0.34	0	24
22	3	3	1	0.7	1	24
23	2	2	1	0.65	0	24
24	2	2	1	0.49	1	24
25	2	2	1	0.57	0	24
26	2	1	1	0.22	1	24
27	1	2	1	0.4	1	24
28	2	1	1	0.27	1	24
29	1	3	1	0.88	0	24
30	3	1	0	0.09	1	24
31	3	2	0	0.44	1	24
32	3	3	0	0.95	1	24
33	2	3	1	0.75	1	24
34	2	1	1	0.06	1	24
35	2	3	1	0.83	0	24
36	1	3	1	0.66	0	24
37	3	3	0	0.84	1	24
38	1	3	1	0.93	0	24
39	3	1	0	0.2	1	24
40	3	2	0	0.41	1	24
41	1	2	1	0.59	0	24
42	1	3	1	0.85	0	24
43	3	3	1	0.92	1	24
44	2	3	1	0.8	0	24
45	1	2	1	0.37	0	24
47	2	2	1	0.62	0	24
48	2	1	1	0.11	1	24
49	3	2	0	0.5	1	24
50	3	2	1	0.63	1	24
51	2	3	1	0.89	0	24
52	1	3	1	0.71	0	24
53	2	1	0	0.19	1	24
54	2	2	1	0.46	0	24
55	3	1	0	0.07	0	24
56	3	2	1	0.55	1	24
57	2	3	1	0.67	1	24
58	2	1	1	0.25	0	24
59	3	1	0	0.28	1	24
60	1	1	0	0.32	0	24
61	3	3	0	0.68	1	24
62	1	1	1	0.07	0	24
63	2	2	1	0.54	1	24
64	2	3	1	0.75	1	24
65	1	1	1	0.23	0	24
66	1	2	1	0.5	0	24
67	3	1	0	0.14	1	24
68	2	1	1	0.32	0	24
69	1	2	1	0.45	0	24
70	2	2	1	0.38	1	24
71	3	3	0	0.76	1	24
72	1	1	1	0.16	0	24
73	3	2	0	0.39	1	24
74	2	1	0	0.24	1	24
75	2	3	1	0.86	0	24
76	1	2	1	0.56	0	24
77	3	3	0	0.81	1	24
78	2	3	1	0.94	0	24
79	2	2	1	0.51	1	24
80	3	1	0	0.33	1	24
81	1	2	1	0.42	0	24
82	1	3	1	0.69	0	24
83	2	3	1	0.72	0	24
84	1	1	1	0.12	0	24
85	3	2	0	0.55	1	24
86	1	1	1	0.21	0	24
87	3	2	0	0.47	1	24
88	3	1	0	0.12	1	24
89	2	1	1	0.17	1	24
90	1	2	1	0.64	0	24
91	1	1	1	0.05	0	24
92	1	3	1	0.85	0	24
93	1	1	1	0.29	0	24
94	1	3	1	0.77	1	24
95	3	1	0	0.17	1	24
96	2	3	1	0.78	1	24
97	2	2	1	0.43	1	24
98	3	3	0	0.65	1	24
99	3	3	1	0.73	0	24
100	2	1	1	0.3	0	24
101	1	3	1	0.9	0	24
102	3	1	0	0.26	1	24
103	1	2	1	0.48	0	24
104	2	1	1	0.08	0	24
105	3	3	0	0.9	1	24
106	2	2	1	0.6	1	24
107	2	2	1	0.35	0	24
108	3	2	0	0.6	1	24
1	1	2	0	0.53	0	25
2	2	1	0	0.13	0	25
3	2	3	1	0.91	1	25
4	3	1	0	0.15	1	25
5	1	2	1	0.61	0	25
6	3	1	0	0.31	1	25
7	3	3	0	0.79	1	25
8	1	1	0	0.1	0	25
9	3	2	0	0.58	1	25
10	3	2	0	0.36	1	25
11	1	3	1	0.82	0	25
12	3	1	0	0.22	1	25
13	3	3	0	0.87	0	25
14	1	2	0	0.45	0	25
15	2	3	1	0.7	0	25
16	1	1	1	0.27	0	25
17	2	2	1	0.4	0	25
18	1	1	0	0.18	0	25
19	1	3	1	0.74	0	25
20	3	2	0	0.52	1	25
21	1	1	1	0.34	0	25
22	3	3	0	0.7	1	25
23	2	2	1	0.65	0	25
24	2	2	1	0.49	1	25
25	2	2	1	0.57	0	25
26	2	1	1	0.22	1	25
27	1	2	1	0.4	1	25
28	2	1	1	0.27	1	25
29	1	3	1	0.88	0	25
30	3	1	0	0.09	1	25
31	3	2	0	0.44	1	25
32	3	3	0	0.95	1	25
33	2	3	1	0.75	1	25
34	2	1	1	0.06	1	25
35	2	3	1	0.83	0	25
36	1	3	1	0.66	0	25
37	3	3	0	0.84	1	25
38	1	3	1	0.93	0	25
39	3	1	0	0.2	1	25
40	3	2	0	0.41	1	25
41	1	2	1	0.59	0	25
42	1	3	1	0.85	0	25
43	3	3	0	0.92	1	25
44	2	3	1	0.8	0	25
45	1	2	1	0.37	0	25
46	1	3	1	0.8	1	25
47	2	2	1	0.62	0	25
48	2	1	0	0.11	1	25
49	3	2	0	0.5	1	25
50	3	2	0	0.63	1	25
51	2	3	1	0.89	0	25
52	1	3	1	0.71	0	25
53	2	1	1	0.19	1	25
54	2	2	1	0.46	0	25
55	3	1	0	0.07	0	25
56	3	2	0	0.55	1	25
57	2	3	1	0.67	1	25
58	2	1	0	0.25	0	25
59	3	1	0	0.28	1	25
60	1	1	1	0.32	0	25
61	3	3	1	0.68	1	25
62	1	1	1	0.07	0	25
63	2	2	1	0.54	1	25
64	2	3	1	0.75	1	25
65	1	1	1	0.23	0	25
66	1	2	1	0.5	0	25
67	3	1	0	0.14	1	25
68	2	1	1	0.32	0	25
69	1	2	1	0.45	0	25
70	2	2	1	0.38	1	25
71	3	3	1	0.76	1	25
72	1	1	1	0.16	0	25
73	3	2	0	0.39	1	25
74	2	1	0	0.24	1	25
75	2	3	1	0.86	0	25
76	1	2	1	0.56	0	25
77	3	3	0	0.81	1	25
78	2	3	1	0.94	0	25
79	2	2	0	0.51	1	25
80	3	1	1	0.33	1	25
81	1	2	1	0.42	0	25
82	1	3	1	0.69	0	25
83	2	3	1	0.72	0	25
84	1	1	0	0.12	0	25
85	3	2	0	0.55	1	25
86	1	1	1	0.21	0	25
87	3	2	0	0.47	1	25
88	3	1	0	0.12	1	25
89	2	1	0	0.17	1	25
90	1	2	1	0.64	0	25
91	1	1	1	0.05	0	25
92	1	3	1	0.85	0	25
93	1	1	1	0.29	0	25
94	1	3	1	0.77	1	25
95	3	1	0	0.17	1	25
96	2	3	1	0.78	1	25
98	3	3	0	0.65	1	25
99	3	3	1	0.73	0	25
100	2	1	0	0.3	0	25
101	1	3	1	0.9	0	25
102	3	1	0	0.26	1	25
103	1	2	1	0.48	0	25
104	2	1	0	0.08	0	25
105	3	3	0	0.9	1	25
106	2	2	1	0.6	1	25
107	2	2	1	0.35	0	25
108	3	2	0	0.6	1	25
1	1	2	1	0.53	0	26
2	2	1	0	0.13	0	26
3	2	3	1	0.91	1	26
4	3	1	0	0.15	1	26
5	1	2	1	0.61	0	26
6	3	1	0	0.31	1	26
7	3	3	1	0.79	1	26
8	1	1	0	0.1	0	26
9	3	2	1	0.58	1	26
10	3	2	1	0.36	1	26
11	1	3	1	0.82	0	26
12	3	1	0	0.22	1	26
13	3	3	1	0.87	0	26
14	1	2	1	0.45	0	26
15	2	3	1	0.7	0	26
16	1	1	1	0.27	0	26
17	2	2	1	0.4	0	26
18	1	1	0	0.18	0	26
19	1	3	1	0.74	0	26
20	3	2	1	0.52	1	26
21	1	1	0	0.34	0	26
22	3	3	1	0.7	1	26
23	2	2	1	0.65	0	26
24	2	2	1	0.49	1	26
25	2	2	1	0.57	0	26
26	2	1	0	0.22	1	26
27	1	2	1	0.4	1	26
28	2	1	0	0.27	1	26
29	1	3	1	0.88	0	26
30	3	1	0	0.09	1	26
31	3	2	1	0.44	1	26
32	3	3	1	0.95	1	26
33	2	3	1	0.75	1	26
34	2	1	0	0.06	1	26
35	2	3	1	0.83	0	26
36	1	3	1	0.66	0	26
37	3	3	1	0.84	1	26
38	1	3	1	0.93	0	26
39	3	1	0	0.2	1	26
40	3	2	0	0.41	1	26
41	1	2	1	0.59	0	26
42	1	3	1	0.85	0	26
43	3	3	1	0.92	1	26
44	2	3	1	0.8	0	26
45	1	2	1	0.37	0	26
46	1	3	1	0.8	1	26
47	2	2	1	0.62	0	26
48	2	1	0	0.11	1	26
49	3	2	1	0.5	1	26
50	3	2	1	0.63	1	26
51	2	3	1	0.89	0	26
52	1	3	1	0.71	0	26
53	2	1	0	0.19	1	26
54	2	2	1	0.46	0	26
55	3	1	0	0.07	0	26
56	3	2	0	0.55	1	26
57	2	3	1	0.67	1	26
58	2	1	0	0.25	0	26
59	3	1	0	0.28	1	26
60	1	1	1	0.32	0	26
61	3	3	1	0.68	1	26
62	1	1	0	0.07	0	26
63	2	2	1	0.54	1	26
64	2	3	1	0.75	1	26
65	1	1	0	0.23	0	26
66	1	2	1	0.5	0	26
67	3	1	0	0.14	1	26
68	2	1	0	0.32	0	26
69	1	2	1	0.45	0	26
70	2	2	0	0.38	1	26
71	3	3	1	0.76	1	26
72	1	1	1	0.16	0	26
73	3	2	0	0.39	1	26
74	2	1	0	0.24	1	26
75	2	3	1	0.86	0	26
76	1	2	1	0.56	0	26
77	3	3	1	0.81	1	26
78	2	3	1	0.94	0	26
79	2	2	1	0.51	1	26
80	3	1	0	0.33	1	26
81	1	2	1	0.42	0	26
82	1	3	1	0.69	0	26
83	2	3	1	0.72	0	26
84	1	1	1	0.12	0	26
85	3	2	1	0.55	1	26
87	3	2	0	0.47	1	26
88	3	1	0	0.12	1	26
89	2	1	0	0.17	1	26
90	1	2	1	0.64	0	26
91	1	1	1	0.05	0	26
92	1	3	1	0.85	0	26
93	1	1	0	0.29	0	26
94	1	3	1	0.77	1	26
95	3	1	0	0.17	1	26
96	2	3	1	0.78	1	26
97	2	2	1	0.43	1	26
98	3	3	1	0.65	1	26
99	3	3	1	0.73	0	26
100	2	1	0	0.3	0	26
101	1	3	1	0.9	0	26
104	2	1	0	0.08	0	26
105	3	3	1	0.9	1	26
106	2	2	0	0.6	1	26
107	2	2	0	0.35	0	26
108	3	2	1	0.6	1	26
1	1	2	0	0.53	0	27
2	2	1	0	0.13	0	27
3	2	3	0	0.91	1	27
4	3	1	0	0.15	1	27
5	1	2	1	0.61	0	27
6	3	1	0	0.31	1	27
7	3	3	0	0.79	1	27
8	1	1	1	0.1	0	27
9	3	2	0	0.58	1	27
10	3	2	0	0.36	1	27
11	1	3	0	0.82	0	27
12	3	1	0	0.22	1	27
13	3	3	1	0.87	0	27
14	1	2	1	0.45	0	27
15	2	3	0	0.7	0	27
16	1	1	0	0.27	0	27
17	2	2	0	0.4	0	27
18	1	1	0	0.18	0	27
19	1	3	1	0.74	0	27
20	3	2	0	0.52	1	27
21	1	1	0	0.34	0	27
22	3	3	0	0.7	1	27
23	2	2	1	0.65	0	27
24	2	2	0	0.49	1	27
25	2	2	0	0.57	0	27
26	2	1	0	0.22	1	27
27	1	2	1	0.4	1	27
28	2	1	0	0.27	1	27
29	1	3	1	0.88	0	27
30	3	1	0	0.09	1	27
31	3	2	0	0.44	1	27
32	3	3	1	0.95	1	27
33	2	3	0	0.75	1	27
34	2	1	0	0.06	1	27
35	2	3	0	0.83	0	27
36	1	3	1	0.66	0	27
37	3	3	0	0.84	1	27
38	1	3	1	0.93	0	27
39	3	1	0	0.2	1	27
40	3	2	0	0.41	1	27
41	1	2	1	0.59	0	27
42	1	3	1	0.85	0	27
43	3	3	0	0.92	1	27
44	2	3	1	0.8	0	27
45	1	2	1	0.37	0	27
46	1	3	0	0.8	1	27
47	2	2	0	0.62	0	27
48	2	1	0	0.11	1	27
49	3	2	0	0.5	1	27
50	3	2	0	0.63	1	27
51	2	3	0	0.89	0	27
52	1	3	1	0.71	0	27
53	2	1	0	0.19	1	27
54	2	2	0	0.46	0	27
55	3	1	0	0.07	0	27
56	3	2	0	0.55	1	27
57	2	3	0	0.67	1	27
58	2	1	0	0.25	0	27
59	3	1	0	0.28	1	27
60	1	1	1	0.32	0	27
61	3	3	0	0.68	1	27
63	2	2	0	0.54	1	27
64	2	3	0	0.75	1	27
65	1	1	1	0.23	0	27
66	1	2	1	0.5	0	27
67	3	1	0	0.14	1	27
68	2	1	0	0.32	0	27
69	1	2	1	0.45	0	27
71	3	3	0	0.76	1	27
72	1	1	0	0.16	0	27
73	3	2	1	0.39	1	27
74	2	1	0	0.24	1	27
75	2	3	0	0.86	0	27
76	1	2	1	0.56	0	27
77	3	3	0	0.81	1	27
78	2	3	0	0.94	0	27
79	2	2	0	0.51	1	27
80	3	1	0	0.33	1	27
81	1	2	0	0.42	0	27
82	1	3	0	0.69	0	27
83	2	3	1	0.72	0	27
85	3	2	0	0.55	1	27
86	1	1	0	0.21	0	27
87	3	2	0	0.47	1	27
89	2	1	0	0.17	1	27
90	1	2	0	0.64	0	27
91	1	1	1	0.05	0	27
92	1	3	0	0.85	0	27
93	1	1	1	0.29	0	27
94	1	3	0	0.77	1	27
95	3	1	0	0.17	1	27
96	2	3	0	0.78	1	27
97	2	2	0	0.43	1	27
98	3	3	0	0.65	1	27
99	3	3	0	0.73	0	27
100	2	1	0	0.3	0	27
101	1	3	1	0.9	0	27
102	3	1	0	0.26	1	27
103	1	2	1	0.48	0	27
105	3	3	0	0.9	1	27
106	2	2	0	0.6	1	27
107	2	2	0	0.35	0	27
108	3	2	0	0.6	1	27
1	1	2	1	0.53	0	28
2	2	1	1	0.13	0	28
3	2	3	1	0.91	1	28
4	3	1	0	0.15	1	28
5	1	2	1	0.61	0	28
6	3	1	0	0.31	1	28
7	3	3	1	0.79	1	28
8	1	1	1	0.1	0	28
9	3	2	0	0.58	1	28
10	3	2	0	0.36	1	28
11	1	3	1	0.82	0	28
12	3	1	0	0.22	1	28
13	3	3	1	0.87	0	28
14	1	2	1	0.45	0	28
15	2	3	0	0.7	0	28
16	1	1	1	0.27	0	28
17	2	2	1	0.4	0	28
18	1	1	1	0.18	0	28
19	1	3	1	0.74	0	28
20	3	2	0	0.52	1	28
21	1	1	1	0.34	0	28
22	3	3	0	0.7	1	28
23	2	2	1	0.65	0	28
24	2	2	1	0.49	1	28
25	2	2	1	0.57	0	28
26	2	1	1	0.22	1	28
27	1	2	1	0.4	1	28
28	2	1	0	0.27	1	28
29	1	3	1	0.88	0	28
30	3	1	1	0.09	1	28
31	3	2	0	0.44	1	28
32	3	3	1	0.95	1	28
33	2	3	1	0.75	1	28
34	2	1	0	0.06	1	28
35	2	3	1	0.83	0	28
36	1	3	1	0.66	0	28
37	3	3	0	0.84	1	28
38	1	3	1	0.93	0	28
39	3	1	0	0.2	1	28
40	3	2	1	0.41	1	28
41	1	2	1	0.59	0	28
42	1	3	1	0.85	0	28
43	3	3	1	0.92	1	28
44	2	3	1	0.8	0	28
45	1	2	1	0.37	0	28
46	1	3	1	0.8	1	28
47	2	2	0	0.62	0	28
48	2	1	0	0.11	1	28
49	3	2	1	0.5	1	28
50	3	2	0	0.63	1	28
51	2	3	1	0.89	0	28
52	1	3	1	0.71	0	28
53	2	1	1	0.19	1	28
54	2	2	1	0.46	0	28
55	3	1	0	0.07	0	28
56	3	2	0	0.55	1	28
57	2	3	1	0.67	1	28
58	2	1	1	0.25	0	28
59	3	1	0	0.28	1	28
60	1	1	1	0.32	0	28
61	3	3	0	0.68	1	28
62	1	1	1	0.07	0	28
63	2	2	1	0.54	1	28
64	2	3	1	0.75	1	28
65	1	1	1	0.23	0	28
66	1	2	1	0.5	0	28
67	3	1	0	0.14	1	28
68	2	1	1	0.32	0	28
69	1	2	1	0.45	0	28
70	2	2	0	0.38	1	28
71	3	3	0	0.76	1	28
72	1	1	1	0.16	0	28
73	3	2	0	0.39	1	28
74	2	1	1	0.24	1	28
75	2	3	1	0.86	0	28
76	1	2	1	0.56	0	28
77	3	3	1	0.81	1	28
78	2	3	0	0.94	0	28
79	2	2	1	0.51	1	28
80	3	1	0	0.33	1	28
81	1	2	1	0.42	0	28
82	1	3	1	0.69	0	28
83	2	3	0	0.72	0	28
84	1	1	1	0.12	0	28
85	3	2	0	0.55	1	28
86	1	1	1	0.21	0	28
87	3	2	0	0.47	1	28
88	3	1	0	0.12	1	28
89	2	1	0	0.17	1	28
90	1	2	1	0.64	0	28
91	1	1	1	0.05	0	28
92	1	3	1	0.85	0	28
93	1	1	1	0.29	0	28
94	1	3	1	0.77	1	28
95	3	1	0	0.17	1	28
96	2	3	1	0.78	1	28
97	2	2	0	0.43	1	28
98	3	3	1	0.65	1	28
99	3	3	0	0.73	0	28
100	2	1	0	0.3	0	28
101	1	3	1	0.9	0	28
102	3	1	1	0.26	1	28
103	1	2	0	0.48	0	28
104	2	1	1	0.08	0	28
105	3	3	0	0.9	1	28
106	2	2	1	0.6	1	28
107	2	2	1	0.35	0	28
108	3	2	0	0.6	1	28
1	1	2	1	0.53	0	29
2	2	1	0	0.13	0	29
3	2	3	0	0.91	1	29
4	3	1	0	0.15	1	29
5	1	2	1	0.61	0	29
6	3	1	0	0.31	1	29
7	3	3	0	0.79	1	29
8	1	1	1	0.1	0	29
9	3	2	0	0.58	1	29
10	3	2	1	0.36	1	29
11	1	3	1	0.82	0	29
12	3	1	0	0.22	1	29
13	3	3	1	0.87	0	29
14	1	2	1	0.45	0	29
15	2	3	1	0.7	0	29
16	1	1	1	0.27	0	29
17	2	2	0	0.4	0	29
18	1	1	1	0.18	0	29
19	1	3	1	0.74	0	29
20	3	2	1	0.52	1	29
21	1	1	1	0.34	0	29
22	3	3	0	0.7	1	29
23	2	2	0	0.65	0	29
24	2	2	0	0.49	1	29
25	2	2	1	0.57	0	29
26	2	1	0	0.22	1	29
27	1	2	1	0.4	1	29
28	2	1	0	0.27	1	29
29	1	3	1	0.88	0	29
30	3	1	0	0.09	1	29
31	3	2	0	0.44	1	29
32	3	3	1	0.95	1	29
33	2	3	0	0.75	1	29
34	2	1	0	0.06	1	29
35	2	3	1	0.83	0	29
36	1	3	1	0.66	0	29
37	3	3	1	0.84	1	29
38	1	3	1	0.93	0	29
39	3	1	0	0.2	1	29
40	3	2	0	0.41	1	29
41	1	2	1	0.59	0	29
42	1	3	1	0.85	0	29
43	3	3	0	0.92	1	29
44	2	3	0	0.8	0	29
45	1	2	1	0.37	0	29
46	1	3	1	0.8	1	29
47	2	2	0	0.62	0	29
48	2	1	0	0.11	1	29
49	3	2	0	0.5	1	29
50	3	2	0	0.63	1	29
51	2	3	0	0.89	0	29
52	1	3	1	0.71	0	29
53	2	1	0	0.19	1	29
54	2	2	1	0.46	0	29
55	3	1	0	0.07	0	29
56	3	2	0	0.55	1	29
57	2	3	1	0.67	1	29
58	2	1	0	0.25	0	29
59	3	1	0	0.28	1	29
60	1	1	1	0.32	0	29
61	3	3	1	0.68	1	29
62	1	1	0	0.07	0	29
63	2	2	0	0.54	1	29
64	2	3	1	0.75	1	29
65	1	1	1	0.23	0	29
66	1	2	1	0.5	0	29
67	3	1	0	0.14	1	29
68	2	1	0	0.32	0	29
69	1	2	1	0.45	0	29
70	2	2	0	0.38	1	29
71	3	3	1	0.76	1	29
72	1	1	1	0.16	0	29
73	3	2	0	0.39	1	29
74	2	1	0	0.24	1	29
75	2	3	1	0.86	0	29
76	1	2	1	0.56	0	29
77	3	3	1	0.81	1	29
78	2	3	1	0.94	0	29
79	2	2	0	0.51	1	29
80	3	1	0	0.33	1	29
81	1	2	1	0.42	0	29
82	1	3	1	0.69	0	29
83	2	3	1	0.72	0	29
84	1	1	1	0.12	0	29
85	3	2	0	0.55	1	29
86	1	1	1	0.21	0	29
87	3	2	0	0.47	1	29
88	3	1	0	0.12	1	29
89	2	1	0	0.17	1	29
90	1	2	1	0.64	0	29
91	1	1	1	0.05	0	29
92	1	3	1	0.85	0	29
93	1	1	1	0.29	0	29
94	1	3	1	0.77	1	29
95	3	1	0	0.17	1	29
96	2	3	1	0.78	1	29
97	2	2	0	0.43	1	29
98	3	3	1	0.65	1	29
99	3	3	1	0.73	0	29
100	2	1	0	0.3	0	29
102	3	1	0	0.26	1	29
103	1	2	1	0.48	0	29
104	2	1	0	0.08	0	29
105	3	3	1	0.9	1	29
106	2	2	0	0.6	1	29
107	2	2	0	0.35	0	29
108	3	2	0	0.6	1	29
1	1	2	1	0.53	0	30
2	2	1	0	0.13	0	30
3	2	3	1	0.91	1	30
4	3	1	0	0.15	1	30
5	1	2	1	0.61	0	30
6	3	1	0	0.31	1	30
7	3	3	1	0.79	1	30
8	1	1	1	0.1	0	30
9	3	2	0	0.58	1	30
10	3	2	0	0.36	1	30
11	1	3	1	0.82	0	30
12	3	1	0	0.22	1	30
13	3	3	1	0.87	0	30
14	1	2	1	0.45	0	30
15	2	3	1	0.7	0	30
16	1	1	1	0.27	0	30
17	2	2	1	0.4	0	30
18	1	1	1	0.18	0	30
19	1	3	1	0.74	0	30
20	3	2	1	0.52	1	30
21	1	1	1	0.34	0	30
22	3	3	1	0.7	1	30
23	2	2	1	0.65	0	30
24	2	2	1	0.49	1	30
25	2	2	0	0.57	0	30
26	2	1	0	0.22	1	30
27	1	2	1	0.4	1	30
28	2	1	0	0.27	1	30
29	1	3	1	0.88	0	30
30	3	1	0	0.09	1	30
31	3	2	1	0.44	1	30
32	3	3	1	0.95	1	30
33	2	3	1	0.75	1	30
34	2	1	0	0.06	1	30
35	2	3	1	0.83	0	30
36	1	3	1	0.66	0	30
37	3	3	1	0.84	1	30
38	1	3	1	0.93	0	30
39	3	1	0	0.2	1	30
40	3	2	0	0.41	1	30
41	1	2	1	0.59	0	30
42	1	3	1	0.85	0	30
43	3	3	1	0.92	1	30
44	2	3	1	0.8	0	30
45	1	2	1	0.37	0	30
46	1	3	1	0.8	1	30
47	2	2	0	0.62	0	30
48	2	1	1	0.11	1	30
49	3	2	0	0.5	1	30
50	3	2	1	0.63	1	30
51	2	3	1	0.89	0	30
52	1	3	1	0.71	0	30
53	2	1	0	0.19	1	30
54	2	2	1	0.46	0	30
55	3	1	0	0.07	0	30
56	3	2	0	0.55	1	30
57	2	3	1	0.67	1	30
58	2	1	0	0.25	0	30
59	3	1	0	0.28	1	30
60	1	1	1	0.32	0	30
61	3	3	0	0.68	1	30
62	1	1	1	0.07	0	30
63	2	2	0	0.54	1	30
64	2	3	1	0.75	1	30
65	1	1	1	0.23	0	30
66	1	2	1	0.5	0	30
67	3	1	0	0.14	1	30
68	2	1	0	0.32	0	30
69	1	2	1	0.45	0	30
70	2	2	0	0.38	1	30
71	3	3	1	0.76	1	30
72	1	1	1	0.16	0	30
73	3	2	0	0.39	1	30
74	2	1	1	0.24	1	30
75	2	3	0	0.86	0	30
76	1	2	1	0.56	0	30
77	3	3	1	0.81	1	30
78	2	3	1	0.94	0	30
79	2	2	1	0.51	1	30
80	3	1	0	0.33	1	30
81	1	2	1	0.42	0	30
82	1	3	1	0.69	0	30
83	2	3	1	0.72	0	30
84	1	1	1	0.12	0	30
85	3	2	0	0.55	1	30
86	1	1	1	0.21	0	30
87	3	2	0	0.47	1	30
88	3	1	0	0.12	1	30
89	2	1	0	0.17	1	30
90	1	2	1	0.64	0	30
91	1	1	1	0.05	0	30
92	1	3	1	0.85	0	30
93	1	1	1	0.29	0	30
94	1	3	1	0.77	1	30
95	3	1	0	0.17	1	30
96	2	3	1	0.78	1	30
97	2	2	1	0.43	1	30
98	3	3	1	0.65	1	30
99	3	3	1	0.73	0	30
100	2	1	0	0.3	0	30
101	1	3	1	0.9	0	30
102	3	1	0	0.26	1	30
103	1	2	1	0.48	0	30
104	2	1	0	0.08	0	30
105	3	3	0	0.9	1	30
106	2	2	0	0.6	1	30
107	2	2	0	0.35	0	30
108	3	2	0	0.6	1	30
1	1	2	1	0.53	0	31
2	2	1	0	0.13	0	31
3	2	3	1	0.91	1	31
4	3	1	0	0.15	1	31
5	1	2	1	0.61	0	31
6	3	1	0	0.31	1	31
7	3	3	1	0.79	1	31
8	1	1	1	0.1	0	31
9	3	2	0	0.58	1	31
10	3	2	0	0.36	1	31
11	1	3	1	0.82	0	31
12	3	1	0	0.22	1	31
13	3	3	0	0.87	0	31
14	1	2	1	0.45	0	31
15	2	3	0	0.7	0	31
16	1	1	1	0.27	0	31
17	2	2	1	0.4	0	31
18	1	1	1	0.18	0	31
19	1	3	1	0.74	0	31
20	3	2	0	0.52	1	31
21	1	1	0	0.34	0	31
22	3	3	0	0.7	1	31
23	2	2	1	0.65	0	31
24	2	2	1	0.49	1	31
25	2	2	1	0.57	0	31
26	2	1	0	0.22	1	31
27	1	2	1	0.4	1	31
28	2	1	0	0.27	1	31
29	1	3	1	0.88	0	31
30	3	1	0	0.09	1	31
31	3	2	0	0.44	1	31
32	3	3	0	0.95	1	31
33	2	3	1	0.75	1	31
34	2	1	0	0.06	1	31
35	2	3	1	0.83	0	31
36	1	3	1	0.66	0	31
37	3	3	1	0.84	1	31
38	1	3	1	0.93	0	31
39	3	1	0	0.2	1	31
40	3	2	1	0.41	1	31
41	1	2	1	0.59	0	31
42	1	3	1	0.85	0	31
43	3	3	1	0.92	1	31
44	2	3	1	0.8	0	31
45	1	2	1	0.37	0	31
46	1	3	1	0.8	1	31
47	2	2	0	0.62	0	31
48	2	1	0	0.11	1	31
49	3	2	0	0.5	1	31
50	3	2	0	0.63	1	31
51	2	3	1	0.89	0	31
52	1	3	1	0.71	0	31
53	2	1	0	0.19	1	31
54	2	2	0	0.46	0	31
55	3	1	0	0.07	0	31
56	3	2	0	0.55	1	31
57	2	3	1	0.67	1	31
58	2	1	0	0.25	0	31
59	3	1	0	0.28	1	31
60	1	1	1	0.32	0	31
61	3	3	1	0.68	1	31
62	1	1	1	0.07	0	31
63	2	2	1	0.54	1	31
64	2	3	1	0.75	1	31
65	1	1	1	0.23	0	31
66	1	2	1	0.5	0	31
67	3	1	0	0.14	1	31
68	2	1	0	0.32	0	31
69	1	2	1	0.45	0	31
70	2	2	0	0.38	1	31
71	3	3	1	0.76	1	31
72	1	1	1	0.16	0	31
73	3	2	0	0.39	1	31
74	2	1	0	0.24	1	31
75	2	3	0	0.86	0	31
76	1	2	1	0.56	0	31
77	3	3	1	0.81	1	31
78	2	3	1	0.94	0	31
79	2	2	1	0.51	1	31
80	3	1	0	0.33	1	31
81	1	2	1	0.42	0	31
82	1	3	1	0.69	0	31
83	2	3	1	0.72	0	31
84	1	1	1	0.12	0	31
85	3	2	0	0.55	1	31
86	1	1	1	0.21	0	31
87	3	2	0	0.47	1	31
88	3	1	0	0.12	1	31
89	2	1	0	0.17	1	31
90	1	2	1	0.64	0	31
91	1	1	1	0.05	0	31
92	1	3	1	0.85	0	31
93	1	1	1	0.29	0	31
94	1	3	1	0.77	1	31
95	3	1	0	0.17	1	31
96	2	3	1	0.78	1	31
97	2	2	1	0.43	1	31
98	3	3	1	0.65	1	31
99	3	3	0	0.73	0	31
100	2	1	0	0.3	0	31
101	1	3	1	0.9	0	31
102	3	1	0	0.26	1	31
103	1	2	1	0.48	0	31
104	2	1	1	0.08	0	31
105	3	3	1	0.9	1	31
106	2	2	0	0.6	1	31
107	2	2	1	0.35	0	31
108	3	2	0	0.6	1	31
1	1	2	1	0.53	0	32
2	2	1	1	0.13	0	32
3	2	3	1	0.91	1	32
4	3	1	0	0.15	1	32
5	1	2	1	0.61	0	32
6	3	1	0	0.31	1	32
7	3	3	1	0.79	1	32
8	1	1	1	0.1	0	32
9	3	2	0	0.58	1	32
10	3	2	0	0.36	1	32
11	1	3	1	0.82	0	32
12	3	1	0	0.22	1	32
13	3	3	1	0.87	0	32
14	1	2	1	0.45	0	32
15	2	3	1	0.7	0	32
16	1	1	1	0.27	0	32
17	2	2	1	0.4	0	32
18	1	1	1	0.18	0	32
19	1	3	1	0.74	0	32
20	3	2	0	0.52	1	32
21	1	1	1	0.34	0	32
22	3	3	0	0.7	1	32
23	2	2	1	0.65	0	32
24	2	2	1	0.49	1	32
25	2	2	1	0.57	0	32
26	2	1	1	0.22	1	32
27	1	2	1	0.4	1	32
28	2	1	1	0.27	1	32
29	1	3	1	0.88	0	32
30	3	1	0	0.09	1	32
31	3	2	0	0.44	1	32
32	3	3	1	0.95	1	32
33	2	3	1	0.75	1	32
34	2	1	1	0.06	1	32
35	2	3	1	0.83	0	32
36	1	3	1	0.66	0	32
37	3	3	1	0.84	1	32
38	1	3	1	0.93	0	32
39	3	1	0	0.2	1	32
40	3	2	0	0.41	1	32
41	1	2	1	0.59	0	32
42	1	3	1	0.85	0	32
43	3	3	1	0.92	1	32
44	2	3	1	0.8	0	32
45	1	2	1	0.37	0	32
46	1	3	1	0.8	1	32
47	2	2	1	0.62	0	32
48	2	1	1	0.11	1	32
49	3	2	0	0.5	1	32
50	3	2	0	0.63	1	32
51	2	3	1	0.89	0	32
52	1	3	1	0.71	0	32
53	2	1	0	0.19	1	32
54	2	2	1	0.46	0	32
55	3	1	0	0.07	0	32
56	3	2	0	0.55	1	32
57	2	3	1	0.67	1	32
58	2	1	1	0.25	0	32
59	3	1	0	0.28	1	32
60	1	1	1	0.32	0	32
61	3	3	0	0.68	1	32
62	1	1	1	0.07	0	32
63	2	2	1	0.54	1	32
64	2	3	1	0.75	1	32
65	1	1	1	0.23	0	32
66	1	2	1	0.5	0	32
67	3	1	0	0.14	1	32
68	2	1	1	0.32	0	32
69	1	2	1	0.45	0	32
70	2	2	1	0.38	1	32
71	3	3	0	0.76	1	32
72	1	1	1	0.16	0	32
73	3	2	1	0.39	1	32
74	2	1	1	0.24	1	32
75	2	3	1	0.86	0	32
76	1	2	1	0.56	0	32
77	3	3	1	0.81	1	32
78	2	3	1	0.94	0	32
79	2	2	1	0.51	1	32
80	3	1	0	0.33	1	32
81	1	2	1	0.42	0	32
82	1	3	1	0.69	0	32
83	2	3	1	0.72	0	32
84	1	1	1	0.12	0	32
85	3	2	0	0.55	1	32
86	1	1	0	0.21	0	32
87	3	2	0	0.47	1	32
88	3	1	0	0.12	1	32
89	2	1	1	0.17	1	32
90	1	2	1	0.64	0	32
91	1	1	1	0.05	0	32
92	1	3	1	0.85	0	32
93	1	1	1	0.29	0	32
94	1	3	1	0.77	1	32
95	3	1	0	0.17	1	32
96	2	3	1	0.78	1	32
97	2	2	1	0.43	1	32
98	3	3	0	0.65	1	32
99	3	3	0	0.73	0	32
100	2	1	0	0.3	0	32
101	1	3	1	0.9	0	32
102	3	1	0	0.26	1	32
103	1	2	1	0.48	0	32
104	2	1	1	0.08	0	32
105	3	3	0	0.9	1	32
106	2	2	1	0.6	1	32
107	2	2	1	0.35	0	32
108	3	2	0	0.6	1	32
1	1	2	1	0.53	0	33
2	2	1	1	0.13	0	33
3	2	3	1	0.91	1	33
4	3	1	0	0.15	1	33
5	1	2	1	0.61	0	33
6	3	1	0	0.31	1	33
7	3	3	0	0.79	1	33
8	1	1	1	0.1	0	33
9	3	2	0	0.58	1	33
10	3	2	0	0.36	1	33
11	1	3	1	0.82	0	33
12	3	1	0	0.22	1	33
13	3	3	0	0.87	0	33
14	1	2	1	0.45	0	33
15	2	3	1	0.7	0	33
16	1	1	1	0.27	0	33
17	2	2	1	0.4	0	33
18	1	1	1	0.18	0	33
19	1	3	1	0.74	0	33
20	3	2	0	0.52	1	33
21	1	1	1	0.34	0	33
22	3	3	1	0.7	1	33
23	2	2	1	0.65	0	33
24	2	2	1	0.49	1	33
25	2	2	1	0.57	0	33
26	2	1	1	0.22	1	33
27	1	2	1	0.4	1	33
28	2	1	1	0.27	1	33
29	1	3	1	0.88	0	33
30	3	1	0	0.09	1	33
31	3	2	0	0.44	1	33
32	3	3	0	0.95	1	33
33	2	3	1	0.75	1	33
34	2	1	1	0.06	1	33
35	2	3	1	0.83	0	33
36	1	3	1	0.66	0	33
37	3	3	1	0.84	1	33
38	1	3	1	0.93	0	33
39	3	1	0	0.2	1	33
40	3	2	0	0.41	1	33
41	1	2	1	0.59	0	33
42	1	3	1	0.85	0	33
43	3	3	0	0.92	1	33
44	2	3	1	0.8	0	33
45	1	2	1	0.37	0	33
46	1	3	1	0.8	1	33
47	2	2	1	0.62	0	33
48	2	1	1	0.11	1	33
49	3	2	0	0.5	1	33
50	3	2	0	0.63	1	33
51	2	3	1	0.89	0	33
52	1	3	1	0.71	0	33
53	2	1	1	0.19	1	33
54	2	2	1	0.46	0	33
55	3	1	0	0.07	0	33
56	3	2	0	0.55	1	33
57	2	3	1	0.67	1	33
58	2	1	1	0.25	0	33
59	3	1	0	0.28	1	33
60	1	1	1	0.32	0	33
61	3	3	0	0.68	1	33
62	1	1	1	0.07	0	33
63	2	2	1	0.54	1	33
64	2	3	1	0.75	1	33
65	1	1	1	0.23	0	33
66	1	2	1	0.5	0	33
67	3	1	0	0.14	1	33
68	2	1	1	0.32	0	33
69	1	2	1	0.45	0	33
70	2	2	1	0.38	1	33
71	3	3	1	0.76	1	33
72	1	1	1	0.16	0	33
73	3	2	0	0.39	1	33
74	2	1	1	0.24	1	33
75	2	3	1	0.86	0	33
76	1	2	1	0.56	0	33
77	3	3	0	0.81	1	33
78	2	3	1	0.94	0	33
79	2	2	1	0.51	1	33
80	3	1	0	0.33	1	33
81	1	2	1	0.42	0	33
82	1	3	1	0.69	0	33
83	2	3	1	0.72	0	33
84	1	1	1	0.12	0	33
85	3	2	0	0.55	1	33
86	1	1	1	0.21	0	33
87	3	2	0	0.47	1	33
88	3	1	0	0.12	1	33
89	2	1	1	0.17	1	33
90	1	2	1	0.64	0	33
91	1	1	1	0.05	0	33
92	1	3	1	0.85	0	33
93	1	1	1	0.29	0	33
94	1	3	1	0.77	1	33
95	3	1	0	0.17	1	33
96	2	3	1	0.78	1	33
97	2	2	1	0.43	1	33
98	3	3	0	0.65	1	33
99	3	3	0	0.73	0	33
100	2	1	1	0.3	0	33
101	1	3	1	0.9	0	33
102	3	1	0	0.26	1	33
103	1	2	1	0.48	0	33
104	2	1	1	0.08	0	33
105	3	3	1	0.9	1	33
106	2	2	1	0.6	1	33
107	2	2	1	0.35	0	33
108	3	2	0	0.6	1	33
2	2	1	0	0.13	0	34
3	2	3	0	0.91	1	34
4	3	1	0	0.15	1	34
5	1	2	1	0.61	0	34
6	3	1	0	0.31	1	34
7	3	3	0	0.79	1	34
8	1	1	1	0.1	0	34
9	3	2	0	0.58	1	34
10	3	2	0	0.36	1	34
11	1	3	1	0.82	0	34
12	3	1	0	0.22	1	34
13	3	3	0	0.87	0	34
14	1	2	1	0.45	0	34
15	2	3	1	0.7	0	34
16	1	1	1	0.27	0	34
17	2	2	0	0.4	0	34
18	1	1	1	0.18	0	34
19	1	3	1	0.74	0	34
20	3	2	0	0.52	1	34
21	1	1	1	0.34	0	34
22	3	3	0	0.7	1	34
23	2	2	0	0.65	0	34
24	2	2	1	0.49	1	34
25	2	2	1	0.57	0	34
26	2	1	0	0.22	1	34
27	1	2	1	0.4	1	34
28	2	1	0	0.27	1	34
29	1	3	1	0.88	0	34
30	3	1	0	0.09	1	34
31	3	2	0	0.44	1	34
32	3	3	1	0.95	1	34
33	2	3	1	0.75	1	34
34	2	1	0	0.06	1	34
35	2	3	1	0.83	0	34
36	1	3	1	0.66	0	34
37	3	3	0	0.84	1	34
38	1	3	1	0.93	0	34
39	3	1	0	0.2	1	34
40	3	2	0	0.41	1	34
41	1	2	1	0.59	0	34
42	1	3	1	0.85	0	34
43	3	3	0	0.92	1	34
44	2	3	1	0.8	0	34
45	1	2	1	0.37	0	34
46	1	3	1	0.8	1	34
47	2	2	0	0.62	0	34
48	2	1	0	0.11	1	34
49	3	2	0	0.5	1	34
50	3	2	0	0.63	1	34
51	2	3	1	0.89	0	34
52	1	3	1	0.71	0	34
53	2	1	0	0.19	1	34
54	2	2	1	0.46	0	34
55	3	1	0	0.07	0	34
56	3	2	0	0.55	1	34
57	2	3	0	0.67	1	34
58	2	1	1	0.25	0	34
59	3	1	0	0.28	1	34
60	1	1	1	0.32	0	34
62	1	1	1	0.07	0	34
63	2	2	0	0.54	1	34
64	2	3	0	0.75	1	34
65	1	1	1	0.23	0	34
66	1	2	1	0.5	0	34
67	3	1	0	0.14	1	34
68	2	1	1	0.32	0	34
69	1	2	1	0.45	0	34
70	2	2	0	0.38	1	34
71	3	3	0	0.76	1	34
73	3	2	0	0.39	1	34
74	2	1	1	0.24	1	34
75	2	3	1	0.86	0	34
76	1	2	1	0.56	0	34
77	3	3	1	0.81	1	34
78	2	3	1	0.94	0	34
79	2	2	1	0.51	1	34
80	3	1	0	0.33	1	34
81	1	2	1	0.42	0	34
82	1	3	1	0.69	0	34
83	2	3	1	0.72	0	34
85	3	2	0	0.55	1	34
86	1	1	1	0.21	0	34
87	3	2	0	0.47	1	34
88	3	1	0	0.12	1	34
89	2	1	0	0.17	1	34
90	1	2	1	0.64	0	34
91	1	1	1	0.05	0	34
92	1	3	1	0.85	0	34
93	1	1	1	0.29	0	34
94	1	3	1	0.77	1	34
95	3	1	0	0.17	1	34
96	2	3	1	0.78	1	34
97	2	2	0	0.43	1	34
98	3	3	0	0.65	1	34
99	3	3	0	0.73	0	34
100	2	1	0	0.3	0	34
101	1	3	1	0.9	0	34
102	3	1	0	0.26	1	34
103	1	2	1	0.48	0	34
104	2	1	0	0.08	0	34
105	3	3	0	0.9	1	34
106	2	2	0	0.6	1	34
107	2	2	1	0.35	0	34
108	3	2	0	0.6	1	34
1	1	2	1	0.53	0	35
2	2	1	0	0.13	0	35
3	2	3	1	0.91	1	35
4	3	1	0	0.15	1	35
5	1	2	1	0.61	0	35
6	3	1	0	0.31	1	35
7	3	3	0	0.79	1	35
8	1	1	0	0.1	0	35
9	3	2	0	0.58	1	35
10	3	2	0	0.36	1	35
11	1	3	1	0.82	0	35
12	3	1	0	0.22	1	35
13	3	3	1	0.87	0	35
14	1	2	1	0.45	0	35
15	2	3	1	0.7	0	35
16	1	1	0	0.27	0	35
17	2	2	0	0.4	0	35
18	1	1	0	0.18	0	35
19	1	3	1	0.74	0	35
20	3	2	1	0.52	1	35
21	1	1	1	0.34	0	35
22	3	3	1	0.7	1	35
23	2	2	1	0.65	0	35
24	2	2	0	0.49	1	35
25	2	2	1	0.57	0	35
26	2	1	0	0.22	1	35
27	1	2	1	0.4	1	35
28	2	1	0	0.27	1	35
30	3	1	0	0.09	1	35
31	3	2	0	0.44	1	35
32	3	3	1	0.95	1	35
33	2	3	1	0.75	1	35
34	2	1	0	0.06	1	35
35	2	3	1	0.83	0	35
36	1	3	1	0.66	0	35
37	3	3	1	0.84	1	35
38	1	3	1	0.93	0	35
39	3	1	0	0.2	1	35
41	1	2	1	0.59	0	35
42	1	3	1	0.85	0	35
43	3	3	1	0.92	1	35
45	1	2	1	0.37	0	35
46	1	3	1	0.8	1	35
48	2	1	0	0.11	1	35
49	3	2	0	0.5	1	35
50	3	2	0	0.63	1	35
51	2	3	1	0.89	0	35
52	1	3	1	0.71	0	35
53	2	1	0	0.19	1	35
54	2	2	0	0.46	0	35
55	3	1	0	0.07	0	35
56	3	2	1	0.55	1	35
57	2	3	1	0.67	1	35
58	2	1	0	0.25	0	35
59	3	1	0	0.28	1	35
60	1	1	0	0.32	0	35
61	3	3	1	0.68	1	35
62	1	1	1	0.07	0	35
63	2	2	0	0.54	1	35
64	2	3	0	0.75	1	35
65	1	1	0	0.23	0	35
66	1	2	1	0.5	0	35
67	3	1	0	0.14	1	35
68	2	1	0	0.32	0	35
69	1	2	1	0.45	0	35
72	1	1	0	0.16	0	35
73	3	2	0	0.39	1	35
74	2	1	0	0.24	1	35
75	2	3	1	0.86	0	35
80	3	1	1	0.33	1	35
82	1	3	1	0.69	0	35
91	1	1	1	0.05	0	35
92	1	3	1	0.85	0	35
96	2	3	1	0.78	1	35
97	2	2	0	0.43	1	35
100	2	1	0	0.3	0	35
102	3	1	0	0.26	1	35
103	1	2	1	0.48	0	35
105	3	3	1	0.9	1	35
106	2	2	0	0.6	1	35
1	1	2	1	0.53	0	36
2	2	1	1	0.13	0	36
3	2	3	1	0.91	1	36
4	3	1	1	0.15	1	36
5	1	2	1	0.61	0	36
6	3	1	0	0.31	1	36
7	3	3	1	0.79	1	36
8	1	1	1	0.1	0	36
9	3	2	0	0.58	1	36
10	3	2	1	0.36	1	36
11	1	3	1	0.82	0	36
12	3	1	0	0.22	1	36
13	3	3	1	0.87	0	36
14	1	2	1	0.45	0	36
15	2	3	1	0.7	0	36
16	1	1	0	0.27	0	36
17	2	2	0	0.4	0	36
18	1	1	1	0.18	0	36
19	1	3	1	0.74	0	36
20	3	2	0	0.52	1	36
21	1	1	0	0.34	0	36
22	3	3	1	0.7	1	36
23	2	2	1	0.65	0	36
24	2	2	1	0.49	1	36
25	2	2	0	0.57	0	36
26	2	1	0	0.22	1	36
27	1	2	1	0.4	1	36
28	2	1	1	0.27	1	36
29	1	3	1	0.88	0	36
30	3	1	1	0.09	1	36
31	3	2	1	0.44	1	36
32	3	3	1	0.95	1	36
33	2	3	1	0.75	1	36
34	2	1	1	0.06	1	36
35	2	3	1	0.83	0	36
36	1	3	1	0.66	0	36
37	3	3	1	0.84	1	36
39	3	1	1	0.2	1	36
40	3	2	1	0.41	1	36
41	1	2	1	0.59	0	36
42	1	3	1	0.85	0	36
43	3	3	1	0.92	1	36
44	2	3	1	0.8	0	36
45	1	2	1	0.37	0	36
46	1	3	1	0.8	1	36
47	2	2	1	0.62	0	36
48	2	1	0	0.11	1	36
49	3	2	1	0.5	1	36
50	3	2	1	0.63	1	36
51	2	3	1	0.89	0	36
52	1	3	1	0.71	0	36
53	2	1	0	0.19	1	36
54	2	2	1	0.46	0	36
55	3	1	0	0.07	0	36
56	3	2	1	0.55	1	36
57	2	3	1	0.67	1	36
58	2	1	1	0.25	0	36
59	3	1	0	0.28	1	36
60	1	1	1	0.32	0	36
61	3	3	0	0.68	1	36
62	1	1	1	0.07	0	36
63	2	2	1	0.54	1	36
64	2	3	1	0.75	1	36
65	1	1	1	0.23	0	36
66	1	2	1	0.5	0	36
67	3	1	0	0.14	1	36
68	2	1	1	0.32	0	36
69	1	2	1	0.45	0	36
70	2	2	1	0.38	1	36
71	3	3	1	0.76	1	36
72	1	1	1	0.16	0	36
73	3	2	0	0.39	1	36
74	2	1	1	0.24	1	36
75	2	3	1	0.86	0	36
76	1	2	1	0.56	0	36
77	3	3	1	0.81	1	36
78	2	3	1	0.94	0	36
79	2	2	1	0.51	1	36
80	3	1	1	0.33	1	36
82	1	3	1	0.69	0	36
83	2	3	1	0.72	0	36
84	1	1	1	0.12	0	36
85	3	2	1	0.55	1	36
86	1	1	1	0.21	0	36
87	3	2	0	0.47	1	36
88	3	1	0	0.12	1	36
89	2	1	0	0.17	1	36
90	1	2	1	0.64	0	36
91	1	1	1	0.05	0	36
92	1	3	1	0.85	0	36
93	1	1	0	0.29	0	36
94	1	3	1	0.77	1	36
96	2	3	1	0.78	1	36
97	2	2	1	0.43	1	36
98	3	3	1	0.65	1	36
99	3	3	1	0.73	0	36
100	2	1	0	0.3	0	36
101	1	3	1	0.9	0	36
102	3	1	1	0.26	1	36
103	1	2	0	0.48	0	36
104	2	1	0	0.08	0	36
105	3	3	1	0.9	1	36
106	2	2	1	0.6	1	36
107	2	2	1	0.35	0	36
108	3	2	1	0.6	1	36
